#
#0.00000 0.00000
0.10000 0.00000
0.20000 0.00000
0.30000 0.00000
0.40000 0.00000
0.50000 0.00000
0.60000 0.00000
0.70000 0.00000
0.80000 0.00000
0.90000 0.00000
1.00000 0.00000
1.10000 0.00000
1.20000 0.00000
1.30000 0.00000
1.40000 0.00000
1.50000 0.00000
1.60000 0.00000
1.70000 0.00000
1.80000 0.00000
1.90000 0.00000
2.00000 0.00000
2.10000 0.00000
2.20000 0.00000
2.30000 0.00000
2.40000 0.00000
2.50000 0.00000
2.60000 0.00000
2.70000 0.00000
2.80000 0.00000
2.90000 0.00000
3.00000 0.00000
3.10000 0.00000
3.20000 0.00000
3.30000 0.00001
3.40000 0.00013
3.50000 0.00103
3.60000 0.00528
3.70000 0.01713
3.80000 0.04390
3.90000 0.09230
4.00000 0.16423
4.10000 0.25853
4.20000 0.37850
4.30000 0.51980
4.40000 0.68172
4.50000 0.85557
4.60000 1.03780
4.70000 1.20485
4.80000 1.35686
4.90000 1.48370
5.00000 1.58712
5.10000 1.66841
5.20000 1.72210
5.30000 1.75067
5.40000 1.76215
5.50000 1.76078
5.60000 1.74676
5.70000 1.72072
5.80000 1.68696
5.90000 1.64692
6.00000 1.59911
6.10000 1.55109
6.20000 1.50403
6.30000 1.45524
6.40000 1.40167
6.50000 1.35013
6.60000 1.29910
6.70000 1.24086
6.80000 1.18710
6.90000 1.13691
7.00000 1.08359
7.10000 1.03657
7.20000 0.99601
7.30000 0.95822
7.40000 0.92614
7.50000 0.90035
7.60000 0.87738
7.70000 0.86341
7.80000 0.85365
7.90000 0.84774
8.00000 0.84817
8.10000 0.85267
8.20000 0.86223
8.30000 0.87589
8.40000 0.89112
8.50000 0.91067
8.60000 0.93329
8.70000 0.95637
8.80000 0.98270
8.90000 1.00707
9.00000 1.03248
9.10000 1.05686
9.20000 1.08072
9.30000 1.10110
9.40000 1.11994
9.50000 1.13625
9.60000 1.15250
9.70000 1.16091
9.80000 1.17113
9.90000 1.17701
10.00000 1.17975
10.10000 1.18025
10.20000 1.18043
10.30000 1.17541
10.40000 1.17091
10.50000 1.16390
10.60000 1.15493
10.70000 1.14490
10.80000 1.13572
10.90000 1.12525
11.00000 1.11313
11.10000 1.10054
11.20000 1.09013
11.30000 1.07791
11.40000 1.06654
11.50000 1.05565
11.60000 1.04610
11.70000 1.03800
11.80000 1.02933
11.90000 1.02098
12.00000 1.01546
12.10000 1.01025
12.20000 1.00500
12.30000 1.00253
12.40000 1.00166
12.50000 1.00035
12.60000 0.99997
12.70000 1.00096
12.80000 1.00204
12.90000 1.00547
13.00000 1.00808
13.10000 1.01033
13.20000 1.01498
13.30000 1.01891
13.40000 1.02293
13.50000 1.02763
13.60000 1.03230
13.70000 1.03607
13.80000 1.03787
13.90000 1.04178
14.00000 1.04461
14.10000 1.04707
14.20000 1.04885
14.30000 1.04961
14.40000 1.05086
14.50000 1.05078
14.60000 1.05138
14.70000 1.04898
14.80000 1.04859
14.90000 1.04728
15.00000 1.04468
15.10000 1.04311
15.20000 1.04024
15.30000 1.03725
15.40000 1.03363
15.50000 1.03086
15.60000 1.02746
15.70000 1.02445
15.80000 1.02079
15.90000 1.01824
16.00000 1.01403
16.10000 1.01278
16.20000 1.01046
16.30000 1.00745
16.40000 1.00590
16.50000 1.00371
16.60000 1.00226
16.70000 1.00130
16.80000 0.99931
16.90000 0.99921
17.00000 0.99911
17.10000 0.99797
17.20000 0.99850
17.30000 0.99815
17.40000 0.99903
17.50000 0.99794
17.60000 0.99830
17.70000 0.99957
17.80000 0.99994
17.90000 0.99985
18.00000 1.00118
18.10000 1.00168
18.20000 1.00246
18.30000 1.00258
18.40000 1.00256
18.50000 1.00243
18.60000 1.00334
18.70000 1.00383
18.80000 1.00343
18.90000 1.00309
