#
#0.00000 0.00000
0.10000 0.00000
0.20000 0.00000
0.30000 0.00000
0.40000 0.00000
0.50000 0.00000
0.60000 0.00000
0.70000 0.00000
0.80000 0.00000
0.90000 0.00000
1.00000 0.00000
1.10000 0.00000
1.20000 0.00000
1.30000 0.00000
1.40000 0.00000
1.50000 0.00000
1.60000 0.00000
1.70000 0.00000
1.80000 0.00000
1.90000 0.00000
2.00000 0.00000
2.10000 0.00000
2.20000 0.00000
2.30000 0.00000
2.40000 0.00000
2.50000 0.00000
2.60000 0.00000
2.70000 0.00000
2.80000 0.00000
2.90000 0.00000
3.00000 0.00000
3.10000 0.00000
3.20000 0.00000
3.30000 0.00001
3.40000 0.00009
3.50000 0.00091
3.60000 0.00472
3.70000 0.01572
3.80000 0.04077
3.90000 0.08409
4.00000 0.14935
4.10000 0.23258
4.20000 0.34049
4.30000 0.46415
4.40000 0.60389
4.50000 0.76242
4.60000 0.91593
4.70000 1.06939
4.80000 1.20177
4.90000 1.31911
5.00000 1.41315
5.10000 1.48417
5.20000 1.53577
5.30000 1.56501
5.40000 1.57930
5.50000 1.58107
5.60000 1.56703
5.70000 1.54592
5.80000 1.51624
5.90000 1.48018
6.00000 1.43964
6.10000 1.39562
6.20000 1.35276
6.30000 1.30710
6.40000 1.26225
6.50000 1.21567
6.60000 1.16900
6.70000 1.11777
6.80000 1.07026
6.90000 1.02340
7.00000 0.97689
7.10000 0.93679
7.20000 0.89873
7.30000 0.86733
7.40000 0.83924
7.50000 0.81897
7.60000 0.79964
7.70000 0.78826
7.80000 0.77877
7.90000 0.77461
8.00000 0.77657
8.10000 0.78414
8.20000 0.79244
8.30000 0.80627
8.40000 0.82234
8.50000 0.84219
8.60000 0.86393
8.70000 0.88595
8.80000 0.90990
8.90000 0.93441
9.00000 0.95836
9.10000 0.98268
9.20000 1.00446
9.30000 1.02419
9.40000 1.04165
9.50000 1.05760
9.60000 1.07220
9.70000 1.08307
9.80000 1.09055
9.90000 1.09787
10.00000 1.10119
10.10000 1.10204
10.20000 1.10187
10.30000 1.09861
10.40000 1.09440
10.50000 1.08837
10.60000 1.08120
10.70000 1.07441
10.80000 1.06491
10.90000 1.05638
11.00000 1.04558
11.10000 1.03620
11.20000 1.02613
11.30000 1.01639
11.40000 1.00605
11.50000 0.99822
11.60000 0.99018
11.70000 0.98184
11.80000 0.97595
11.90000 0.96933
12.00000 0.96486
12.10000 0.96073
12.20000 0.95754
12.30000 0.95651
12.40000 0.95560
12.50000 0.95576
12.60000 0.95598
12.70000 0.95838
12.80000 0.96066
12.90000 0.96553
13.00000 0.96755
13.10000 0.97259
13.20000 0.97668
13.30000 0.98156
13.40000 0.98657
13.50000 0.99076
13.60000 0.99622
13.70000 1.00117
13.80000 1.00460
13.90000 1.00821
14.00000 1.01178
14.10000 1.01493
14.20000 1.01771
14.30000 1.01855
14.40000 1.02046
14.50000 1.02179
14.60000 1.02170
14.70000 1.02041
14.80000 1.02096
14.90000 1.02000
15.00000 1.01880
15.10000 1.01742
15.20000 1.01532
15.30000 1.01395
15.40000 1.01107
15.50000 1.00930
15.60000 1.00713
15.70000 1.00489
15.80000 1.00198
15.90000 1.00021
16.00000 0.99794
16.10000 0.99634
16.20000 0.99409
16.30000 0.99298
16.40000 0.99107
16.50000 0.99070
16.60000 0.98946
16.70000 0.98830
16.80000 0.98833
16.90000 0.98816
17.00000 0.98819
17.10000 0.98884
17.20000 0.98966
17.30000 0.98948
17.40000 0.99060
17.50000 0.99093
17.60000 0.99251
17.70000 0.99383
17.80000 0.99545
17.90000 0.99537
18.00000 0.99733
18.10000 0.99907
18.20000 0.99961
18.30000 1.00050
18.40000 1.00133
18.50000 1.00276
18.60000 1.00306
18.70000 1.00361
18.80000 1.00392
18.90000 1.00422
