#
#0.00000 0.00000
0.10000 0.00000
0.20000 0.00000
0.30000 0.00000
0.40000 0.00000
0.50000 0.00000
0.60000 0.00000
0.70000 0.00000
0.80000 0.00000
0.90000 0.00000
1.00000 0.00000
1.10000 0.00000
1.20000 0.00000
1.30000 0.00000
1.40000 0.00000
1.50000 0.00000
1.60000 0.00000
1.70000 0.00000
1.80000 0.00000
1.90000 0.00000
2.00000 0.00000
2.10000 0.00000
2.20000 0.00000
2.30000 0.00000
2.40000 0.00000
2.50000 0.00000
2.60000 0.00000
2.70000 0.00000
2.80000 0.00000
2.90000 0.00000
3.00000 0.00000
3.10000 0.00000
3.20000 0.00000
3.30000 0.00002
3.40000 0.00014
3.50000 0.00103
3.60000 0.00515
3.70000 0.01649
3.80000 0.04264
3.90000 0.08866
4.00000 0.15622
4.10000 0.24663
4.20000 0.35863
4.30000 0.49095
4.40000 0.64516
4.50000 0.81224
4.60000 0.97599
4.70000 1.13702
4.80000 1.28017
4.90000 1.40101
5.00000 1.50156
5.10000 1.57518
5.20000 1.62708
5.30000 1.65606
5.40000 1.67270
5.50000 1.67034
5.60000 1.65600
5.70000 1.63318
5.80000 1.59983
5.90000 1.56305
6.00000 1.51888
6.10000 1.47557
6.20000 1.42787
6.30000 1.37948
6.40000 1.33134
6.50000 1.27991
6.60000 1.23157
6.70000 1.17936
6.80000 1.12811
6.90000 1.07700
7.00000 1.03119
7.10000 0.98608
7.20000 0.94817
7.30000 0.91124
7.40000 0.88337
7.50000 0.85849
7.60000 0.83869
7.70000 0.82579
7.80000 0.81371
7.90000 0.81018
8.00000 0.80971
8.10000 0.81551
8.20000 0.82578
8.30000 0.83855
8.40000 0.85399
8.50000 0.87432
8.60000 0.89729
8.70000 0.91927
8.80000 0.94455
8.90000 0.96839
9.00000 0.99301
9.10000 1.01758
9.20000 1.03908
9.30000 1.05886
9.40000 1.07842
9.50000 1.09270
9.60000 1.10661
9.70000 1.11844
9.80000 1.12823
9.90000 1.13423
10.00000 1.13638
10.10000 1.13762
10.20000 1.13686
10.30000 1.13310
10.40000 1.12886
10.50000 1.12171
10.60000 1.11631
10.70000 1.10526
10.80000 1.09505
10.90000 1.08622
11.00000 1.07551
11.10000 1.06447
11.20000 1.05362
11.30000 1.04376
11.40000 1.03401
11.50000 1.02472
11.60000 1.01335
11.70000 1.00631
11.80000 0.99752
11.90000 0.99242
12.00000 0.98564
12.10000 0.98126
12.20000 0.97799
12.30000 0.97547
12.40000 0.97343
12.50000 0.97365
12.60000 0.97531
12.70000 0.97570
12.80000 0.97764
12.90000 0.98072
13.00000 0.98400
13.10000 0.98742
13.20000 0.99085
13.30000 0.99543
13.40000 1.00066
13.50000 1.00469
13.60000 1.00930
13.70000 1.01284
13.80000 1.01674
13.90000 1.02057
14.00000 1.02385
14.10000 1.02581
14.20000 1.02753
14.30000 1.02975
14.40000 1.03062
14.50000 1.03041
14.60000 1.03140
14.70000 1.03101
14.80000 1.03077
14.90000 1.02837
15.00000 1.02698
15.10000 1.02521
15.20000 1.02311
15.30000 1.01966
15.40000 1.01736
15.50000 1.01657
15.60000 1.01296
15.70000 1.00977
15.80000 1.00698
15.90000 1.00486
16.00000 1.00238
16.10000 1.00021
16.20000 0.99741
16.30000 0.99644
16.40000 0.99445
16.50000 0.99329
16.60000 0.99223
16.70000 0.99044
16.80000 0.99050
16.90000 0.98998
17.00000 0.98974
17.10000 0.98929
17.20000 0.98942
17.30000 0.98961
17.40000 0.99111
17.50000 0.99124
17.60000 0.99263
17.70000 0.99304
17.80000 0.99380
17.90000 0.99491
18.00000 0.99630
18.10000 0.99600
18.20000 0.99741
18.30000 0.99713
18.40000 0.99838
18.50000 0.99864
18.60000 0.99984
18.70000 1.00026
18.80000 1.00020
18.90000 1.00019
