0.00500000 94.99969041
0.01500000 94.99721368
0.02500000 94.99226029
0.03500000 94.98483039
0.04500000 94.97492419
0.05500000 94.96254199
0.06500000 94.94768414
0.07500000 94.93035107
0.08500000 94.91054331
0.09500000 94.88826141
0.10500000 94.86350604
0.11500000 94.83627792
0.12500000 94.80657784
0.13500000 94.77440667
0.14500000 94.73976535
0.15500000 94.70265490
0.16500000 94.66307639
0.17500000 94.62103099
0.18500000 94.57651992
0.19500000 94.52954448
0.20500000 94.48010606
0.21500000 94.42820609
0.22500000 94.37384610
0.23500000 94.31702767
0.24500000 94.25775247
0.25500000 94.19602224
0.26500000 94.13183878
0.27500000 94.06520397
0.28500000 93.99611976
0.29500000 93.92458819
0.30500000 93.85061134
0.31500000 93.77419139
0.32500000 93.69533058
0.33500000 93.61403122
0.34500000 93.53029570
0.35500000 93.44412647
0.36500000 93.35552608
0.37500000 93.26449712
0.38500000 93.17104226
0.39500000 93.07516426
0.40500000 92.97686594
0.41500000 92.87615018
0.42500000 92.77301996
0.43500000 92.66747831
0.44500000 92.55952834
0.45500000 92.44917323
0.46500000 92.33641624
0.47500000 92.22126069
0.48500000 92.10370998
0.49500000 91.98376758
0.50500000 91.86143704
0.51500000 91.73672198
0.52500000 91.60962607
0.53500000 91.48015309
0.54500000 91.34830685
0.55500000 91.21409128
0.56500000 91.07751034
0.57500000 90.93856809
0.58500000 90.79726864
0.59500000 90.65361619
0.60500000 90.50761502
0.61500000 90.35926945
0.62500000 90.20858390
0.63500000 90.05556285
0.64500000 89.90021086
0.65500000 89.74253255
0.66500000 89.58253263
0.67500000 89.42021587
0.68500000 89.25558712
0.69500000 89.08865129
0.70500000 88.91941336
0.71500000 88.74787842
0.72500000 88.57405158
0.73500000 88.39793805
0.74500000 88.21954312
0.75500000 88.03887214
0.76500000 87.85593052
0.77500000 87.67072377
0.78500000 87.48325745
0.79500000 87.29353721
0.80500000 87.10156875
0.81500000 86.90735786
0.82500000 86.71091041
0.83500000 86.51223231
0.84500000 86.31132957
0.85500000 86.10820827
0.86500000 85.90287456
0.87500000 85.69533464
0.88500000 85.48559482
0.89500000 85.27366146
0.90500000 85.05954099
0.91500000 84.84323992
0.92500000 84.62476483
0.93500000 84.40412238
0.94500000 84.18131929
0.95500000 83.95636236
0.96500000 83.72925845
0.97500000 83.50001452
0.98500000 83.26863757
0.99500000 83.03513470
1.00500000 82.79951305
1.01500000 82.56177987
1.02500000 82.32194246
1.03500000 82.08000818
1.04500000 81.83598450
1.05500000 81.58987894
1.06500000 81.34169907
1.07500000 81.09145258
1.08500000 80.83914720
1.09500000 80.58479073
1.10500000 80.32839107
1.11500000 80.06995616
1.12500000 79.80949404
1.13500000 79.54701280
1.14500000 79.28252061
1.15500000 79.01602572
1.16500000 78.74753644
1.17500000 78.47706117
1.18500000 78.20460835
1.19500000 77.93018654
1.20500000 77.65380433
1.21500000 77.37547040
1.22500000 77.09519349
1.23500000 76.81298245
1.24500000 76.52884614
1.25500000 76.24279356
1.26500000 75.95483373
1.27500000 75.66497576
1.28500000 75.37322884
1.29500000 75.07960223
1.30500000 74.78410526
1.31500000 74.48674732
1.32500000 74.18753789
1.33500000 73.88648651
1.34500000 73.58360281
1.35500000 73.27889647
1.36500000 72.97237726
1.37500000 72.66405501
1.38500000 72.35393963
1.39500000 72.04204109
1.40500000 71.72836945
1.41500000 71.41293484
1.42500000 71.09574744
1.43500000 70.77681754
1.44500000 70.45615546
1.45500000 70.13377163
1.46500000 69.80967653
1.47500000 69.48388071
1.48500000 69.15639482
1.49500000 68.82722954
1.50500000 68.49639566
1.51500000 68.16390402
1.52500000 67.82976554
1.53500000 67.49399121
1.54500000 67.15659211
1.55500000 66.81757936
1.56500000 66.47696417
1.57500000 66.13475783
1.58500000 65.79097169
1.59500000 65.44561717
1.60500000 65.09870577
1.61500000 64.75024907
1.62500000 64.40025870
1.63500000 64.04874638
1.64500000 63.69572391
1.65500000 63.34120313
1.66500000 62.98519598
1.67500000 62.62771446
1.68500000 62.26877066
1.69500000 61.90837671
1.70500000 61.54654485
1.71500000 61.18328736
1.72500000 60.81861662
1.73500000 60.45254505
1.74500000 60.08508517
1.75500000 59.71624957
1.76500000 59.34605089
1.77500000 58.97450187
1.78500000 58.60161531
1.79500000 58.22740407
1.80500000 57.85188111
1.81500000 57.47505943
1.82500000 57.09695213
1.83500000 56.71757237
1.84500000 56.33693339
1.85500000 55.95504848
1.86500000 55.57193103
1.87500000 55.18759449
1.88500000 54.80205238
1.89500000 54.41531829
1.90500000 54.02740590
1.91500000 53.63832895
1.92500000 53.24810124
1.93500000 52.85673666
1.94500000 52.46424917
1.95500000 52.07065279
1.96500000 51.67596164
1.97500000 51.28018987
1.98500000 50.88335175
1.99500000 50.48546158
2.00500000 50.08653376
2.01500000 49.68658275
2.02500000 49.28562309
2.03500000 48.88366938
2.04500000 48.48073630
2.05500000 48.07683861
2.06500000 47.67199113
2.07500000 47.26620876
2.08500000 46.85950647
2.09500000 46.45189929
2.10500000 46.04340235
2.11500000 45.63403083
2.12500000 45.22379998
2.13500000 44.81272515
2.14500000 44.40082172
2.15500000 43.98810518
2.16500000 43.57459108
2.17500000 43.16029503
2.18500000 42.74523273
2.19500000 42.32941994
2.20500000 41.91287250
2.21500000 41.49560632
2.22500000 41.07763739
2.23500000 40.65898174
2.24500000 40.23965552
2.25500000 39.81967491
2.26500000 39.39905620
2.27500000 38.97781572
2.28500000 38.55596989
2.29500000 38.13353520
2.30500000 37.71052820
2.31500000 37.28696554
2.32500000 36.86286391
2.33500000 36.43824009
2.34500000 36.01311094
2.35500000 35.58749336
2.36500000 35.16140437
2.37500000 34.73486102
2.38500000 34.30788045
2.39500000 33.88047988
2.40500000 33.45267659
2.41500000 33.02448792
2.42500000 32.59593132
2.43500000 32.16702428
2.44500000 31.73778438
2.45500000 31.30822925
2.46500000 30.87837662
2.47500000 30.44824428
2.48500000 30.01785008
2.49500000 29.58721197
2.50500000 29.15634794
2.51500000 28.72527609
2.52500000 28.29401455
2.53500000 27.86258155
2.54500000 27.43099540
2.55500000 26.99927444
2.56500000 26.56743714
2.57500000 26.13550199
2.58500000 25.70348759
2.59500000 25.27141260
2.60500000 24.83929573
2.61500000 24.40715579
2.62500000 23.97501167
2.63500000 23.54288230
2.64500000 23.11078670
2.65500000 22.67874397
2.66500000 22.24677326
2.67500000 21.81489383
2.68500000 21.38312496
2.69500000 20.95148604
2.70500000 20.51999654
2.71500000 20.08867596
2.72500000 19.65754391
2.73500000 19.22662006
2.74500000 18.79592416
2.75500000 18.36547600
2.76500000 17.93529549
2.77500000 17.50540258
2.78500000 17.07581730
2.79500000 16.64655976
2.80500000 16.21765013
2.81500000 15.78910866
2.82500000 15.36095567
2.83500000 14.93321155
2.84500000 14.50589678
2.85500000 14.07903188
2.86500000 13.65263747
2.87500000 13.22673422
2.88500000 12.80134290
2.89500000 12.37648433
2.90500000 11.95217941
2.91500000 11.52844912
2.92500000 11.10531448
2.93500000 10.68279663
2.94500000 10.26091674
2.95500000 9.83969609
2.96500000 9.41915600
2.97500000 8.94024480
2.98500000 8.55163450
2.99500000 8.14805050
3.00500000 7.75376220
3.01500000 7.36864600
3.02500000 7.03868080
3.03500000 6.70550520
3.04500000 6.38929150
3.05500000 6.09154850
3.06500000 5.80690060
3.07500000 5.54453200
3.08500000 5.30382410
3.09500000 5.06625810
3.10500000 4.85070690
3.11500000 4.64590390
3.12500000 4.46268920
3.13500000 4.25790110
3.14500000 4.08804020
3.15500000 3.92228100
3.16500000 3.77674330
3.17500000 3.62621790
3.18500000 3.50754260
3.19500000 3.37875190
3.20500000 3.25602480
3.21500000 3.13555490
3.22500000 3.04045270
3.23500000 2.94840160
3.24500000 2.86441120
3.25500000 2.77735060
3.26500000 2.69356440
3.27500000 2.62284170
3.28500000 2.56241580
3.29500000 2.50252010
3.30500000 2.44985380
3.31500000 2.40225000
3.32500000 2.35238720
3.33500000 2.30622220
3.34500000 2.26696120
3.35500000 2.23339290
3.36500000 2.20394300
3.37500000 2.18134660
3.38500000 2.16160320
3.39500000 2.14398370
3.40500000 2.12691720
3.41500000 2.12306260
3.42500000 2.11409870
3.43500000 2.10857330
3.44500000 2.10821930
3.45500000 2.12128450
3.46500000 2.13271830
3.47500000 2.13919560
3.48500000 2.14689030
3.49500000 2.16114310
3.50500000 2.17579600
3.51500000 2.20080460
3.52500000 2.21592650
3.53500000 2.25232040
3.54500000 2.27465920
3.55500000 2.31203560
3.56500000 2.34308210
3.57500000 2.38117680
3.58500000 2.40934830
3.59500000 2.43964180
3.60500000 2.47890750
3.61500000 2.51178490
3.62500000 2.55412040
3.63500000 2.59604480
3.64500000 2.63140830
3.65500000 2.66569400
3.66500000 2.70127340
3.67500000 2.74220060
3.68500000 2.77145330
3.69500000 2.80486660
3.70500000 2.83074370
3.71500000 2.84977420
3.72500000 2.87079010
3.73500000 2.88846770
3.74500000 2.89801410
3.75500000 2.90110150
3.76500000 2.90033810
3.77500000 2.90304350
3.78500000 2.90337120
3.79500000 2.89241750
3.80500000 2.87989520
3.81500000 2.86026550
3.82500000 2.84170740
3.83500000 2.80896600
3.84500000 2.77752140
3.85500000 2.73796320
3.86500000 2.70482370
3.87500000 2.66713320
3.88500000 2.61508250
3.89500000 2.56654830
3.90500000 2.51625870
3.91500000 2.46497390
3.92500000 2.40920800
3.93500000 2.36217970
3.94500000 2.29977870
3.95500000 2.23929100
3.96500000 2.18108930
3.97500000 2.12543480
3.98500000 2.06099590
3.99500000 2.01347400
4.00500000 1.95151390
4.01500000 1.89154360
4.02500000 1.83120150
4.03500000 1.77860440
4.04500000 1.71599380
4.05500000 1.66362010
4.06500000 1.60959420
4.07500000 1.55455090
4.08500000 1.50107820
4.09500000 1.44900340
4.10500000 1.39811620
4.11500000 1.35255550
4.12500000 1.30650800
4.13500000 1.25513540
4.14500000 1.20642910
4.15500000 1.16249530
4.16500000 1.12319400
4.17500000 1.07477570
4.18500000 1.03860880
4.19500000 0.99824160
4.20500000 0.96565990
4.21500000 0.91783280
4.22500000 0.88232650
4.23500000 0.85274340
4.24500000 0.82056150
4.25500000 0.78310190
4.26500000 0.74047630
4.27500000 0.71248260
4.28500000 0.67802690
4.29500000 0.65059130
4.30500000 0.62243510
4.31500000 0.59873520
4.32500000 0.56980670
4.33500000 0.53455370
4.34500000 0.51364010
4.35500000 0.49182670
4.36500000 0.46613860
4.37500000 0.43820740
4.38500000 0.41645980
4.39500000 0.39550540
4.40500000 0.37464580
4.41500000 0.35533330
4.42500000 0.33232560
4.43500000 0.30917600
4.44500000 0.29267400
4.45500000 0.26734590
4.46500000 0.24467660
4.47500000 0.22804020
4.48500000 0.21386170
4.49500000 0.20121960
4.50500000 0.17653630
4.51500000 0.16616050
4.52500000 0.15354860
4.53500000 0.13946340
4.54500000 0.11640090
4.55500000 0.10336670
4.56500000 0.09244890
4.57500000 0.08334860
4.58500000 0.07551690
4.59500000 0.06492650
4.60500000 0.04928100
4.61500000 0.04246540
4.62500000 0.02956580
4.63500000 0.01244360
4.64500000 0.00319230
4.65500000 -0.00198280
4.66500000 -0.01022730
4.67500000 -0.01505810
4.68500000 -0.01967160
4.69500000 -0.02398610
4.70500000 -0.03571560
4.71500000 -0.03970430
4.72500000 -0.03943310
4.73500000 -0.04053850
4.74500000 -0.05401220
4.75500000 -0.05974900
4.76500000 -0.06235580
4.77500000 -0.06437130
4.78500000 -0.06912250
4.79500000 -0.06630820
4.80500000 -0.07756640
4.81500000 -0.07599430
4.82500000 -0.07948390
4.83500000 -0.07352140
4.84500000 -0.08174440
4.85500000 -0.07562890
4.86500000 -0.08554840
4.87500000 -0.08415180
4.88500000 -0.08825810
4.89500000 -0.07868500
4.90500000 -0.08093860
4.91500000 -0.07228580
4.92500000 -0.07703650
4.93500000 -0.07742750
4.94500000 -0.08077520
4.95500000 -0.07708090
4.96500000 -0.07609230
4.97500000 -0.06928010
4.98500000 -0.06593330
4.99500000 -0.06950180
5.00500000 -0.06803730
5.01500000 -0.06421850
5.02500000 -0.06477220
5.03500000 -0.05792070
5.04500000 -0.05159920
5.05500000 -0.04621160
5.06500000 -0.04638910
5.07500000 -0.03601340
5.08500000 -0.03522030
5.09500000 -0.03364250
5.10500000 -0.03576070
5.11500000 -0.03452170
5.12500000 -0.02804340
5.13500000 -0.02191060
5.14500000 -0.01993490
5.15500000 -0.01770940
5.16500000 -0.01712900
5.17500000 -0.01591500
5.18500000 -0.01117370
5.19500000 -0.00490230
5.20500000 -0.00966310
5.21500000 -0.00689600
5.22500000 0.00297980
5.23500000 0.00818470
5.24500000 0.01089280
5.25500000 0.00978010
5.26500000 0.01449670
5.27500000 0.01041050
5.28500000 0.01195800
5.29500000 0.01572820
5.30500000 0.01975480
5.31500000 0.02300270
5.32500000 0.01573280
5.33500000 0.01802550
5.34500000 0.01550890
5.35500000 0.01683190
5.36500000 0.02257160
5.37500000 0.03287320
5.38500000 0.03523630
5.39500000 0.03184510
5.40500000 0.02754800
5.41500000 0.02889350
5.42500000 0.02887210
5.43500000 0.03714380
5.44500000 0.02793190
5.45500000 0.02978350
5.46500000 0.02917010
5.47500000 0.03719140
5.48500000 0.02824230
5.49500000 0.02727360
5.50500000 0.02614810
5.51500000 0.03140950
5.52500000 0.02121450
5.53500000 0.02421100
5.54500000 0.02559880
5.55500000 0.03014390
5.56500000 0.02974190
5.57500000 0.03019880
5.58500000 0.03044500
5.59500000 0.02554100
5.60500000 0.03126460
5.61500000 0.02213620
5.62500000 0.01714560
5.63500000 0.01748140
5.64500000 0.01427890
5.65500000 0.01117530
5.66500000 0.01404800
5.67500000 0.02910160
5.68500000 0.02003350
5.69500000 0.01639220
5.70500000 0.01618950
5.71500000 0.02578920
5.72500000 0.01932800
5.73500000 0.02101390
5.74500000 0.01680130
5.75500000 0.01606580
5.76500000 0.01360060
5.77500000 0.01919940
5.78500000 0.01407810
5.79500000 0.00851920
5.80500000 0.01480110
5.81500000 0.02300010
5.82500000 0.02268590
5.83500000 0.02177260
5.84500000 0.02569350
5.85500000 0.02383600
5.86500000 0.02345810
5.87500000 0.02692880
5.88500000 0.03232270
5.89500000 0.03073780
5.90500000 0.03609800
5.91500000 0.03728670
5.92500000 0.03931270
5.93500000 0.03922490
5.94500000 0.03992130
5.95500000 0.04016990
5.96500000 0.04172170
5.97500000 0.04972030
5.98500000 0.05443140
5.99500000 0.05993830
6.00500000 0.05992710
6.01500000 0.06525350
6.02500000 0.06745910
6.03500000 0.07604030
6.04500000 0.07642830
6.05500000 0.07649430
6.06500000 0.07446230
6.07500000 0.08755330
6.08500000 0.08939090
6.09500000 0.09231100
6.10500000 0.08914680
6.11500000 0.10024200
6.12500000 0.10413780
6.13500000 0.11399720
6.14500000 0.11181950
6.15500000 0.11448300
6.16500000 0.11845420
6.17500000 0.11767710
6.18500000 0.12210570
6.19500000 0.12581110
6.20500000 0.13279460
6.21500000 0.13409890
6.22500000 0.13697830
6.23500000 0.13781250
6.24500000 0.14099140
6.25500000 0.15187780
6.26500000 0.14867520
6.27500000 0.14497750
6.28500000 0.15202510
6.29500000 0.16058530
6.30500000 0.15249730
6.31500000 0.14921520
6.32500000 0.15210550
6.33500000 0.15958480
6.34500000 0.15509580
6.35500000 0.15356310
6.36500000 0.15433340
6.37500000 0.15705830
6.38500000 0.15889520
6.39500000 0.15230820
6.40500000 0.14166040
6.41500000 0.13868590
6.42500000 0.14735530
6.43500000 0.15003230
6.44500000 0.14495150
6.45500000 0.14147420
6.46500000 0.13326690
6.47500000 0.14061540
6.48500000 0.14022170
6.49500000 0.13283070
6.50500000 0.12515140
6.51500000 0.12944260
6.52500000 0.12657760
6.53500000 0.11385590
6.54500000 0.11677190
6.55500000 0.11252310
6.56500000 0.11229360
6.57500000 0.10103900
6.58500000 0.10086800
6.59500000 0.09695630
6.60500000 0.08909400
6.61500000 0.08349080
6.62500000 0.07522160
6.63500000 0.07097980
6.64500000 0.06436220
6.65500000 0.06196820
6.66500000 0.05814680
6.67500000 0.05771380
6.68500000 0.04637060
6.69500000 0.03747840
6.70500000 0.02973550
6.71500000 0.02585600
6.72500000 0.01702490
6.73500000 0.01805500
6.74500000 0.01763010
6.75500000 0.00697670
6.76500000 0.00064700
6.77500000 -0.00838150
6.78500000 -0.01002120
6.79500000 -0.01937990
6.80500000 -0.02086460
6.81500000 -0.02698240
6.82500000 -0.03618600
6.83500000 -0.04918170
6.84500000 -0.05507400
6.85500000 -0.05856220
6.86500000 -0.06318970
6.87500000 -0.06622880
6.88500000 -0.07111550
6.89500000 -0.07832060
6.90500000 -0.08161090
6.91500000 -0.08375910
6.92500000 -0.08891120
6.93500000 -0.09890010
6.94500000 -0.10578620
6.95500000 -0.10589430
6.96500000 -0.10926920
6.97500000 -0.12217260
6.98500000 -0.13190050
6.99500000 -0.13129760
7.00500000 -0.13402600
7.01500000 -0.13892300
7.02500000 -0.14210280
7.03500000 -0.13871300
7.04500000 -0.15348590
7.05500000 -0.16006030
7.06500000 -0.16895720
7.07500000 -0.16540160
7.08500000 -0.17057030
7.09500000 -0.17255080
7.10500000 -0.18041900
7.11500000 -0.18389930
7.12500000 -0.18438910
7.13500000 -0.18133410
7.14500000 -0.18644620
7.15500000 -0.19340850
7.16500000 -0.20258660
7.17500000 -0.20280440
7.18500000 -0.20130810
7.19500000 -0.20624320
7.20500000 -0.21327750
7.21500000 -0.22184520
7.22500000 -0.21842290
7.23500000 -0.22231920
7.24500000 -0.22559070
7.25500000 -0.23124540
7.26500000 -0.22784940
7.27500000 -0.22327230
7.28500000 -0.23044470
7.29500000 -0.23556490
7.30500000 -0.24142400
7.31500000 -0.23968260
7.32500000 -0.24320210
7.33500000 -0.24485640
7.34500000 -0.25019610
7.35500000 -0.24620870
7.36500000 -0.24622310
7.37500000 -0.24912530
7.38500000 -0.25366370
7.39500000 -0.25822800
7.40500000 -0.25863460
7.41500000 -0.25602010
7.42500000 -0.25800540
7.43500000 -0.26545480
7.44500000 -0.26763440
7.45500000 -0.26916580
7.46500000 -0.26832610
7.47500000 -0.26927340
7.48500000 -0.26537030
7.49500000 -0.26629500
7.50500000 -0.26732300
7.51500000 -0.27495390
7.52500000 -0.27420270
7.53500000 -0.27845820
7.54500000 -0.27843910
7.55500000 -0.28583660
7.56500000 -0.27983530
7.57500000 -0.27922940
7.58500000 -0.27823390
7.59500000 -0.28151690
7.60500000 -0.28421950
7.61500000 -0.28835250
7.62500000 -0.29042360
7.63500000 -0.28973750
7.64500000 -0.28813930
7.65500000 -0.28921950
7.66500000 -0.28895030
7.67500000 -0.29186820
7.68500000 -0.29217970
7.69500000 -0.29104290
7.70500000 -0.29149660
7.71500000 -0.29138610
7.72500000 -0.29055440
7.73500000 -0.28982370
7.74500000 -0.29209500
7.75500000 -0.29198610
7.76500000 -0.28988010
7.77500000 -0.28782860
7.78500000 -0.28755100
7.79500000 -0.28685040
7.80500000 -0.28501480
7.81500000 -0.28813490
7.82500000 -0.28886170
7.83500000 -0.28691560
7.84500000 -0.28715880
7.85500000 -0.28753100
7.86500000 -0.28840090
7.87500000 -0.28684660
7.88500000 -0.28973820
7.89500000 -0.28659730
7.90500000 -0.28492290
7.91500000 -0.28668370
7.92500000 -0.28429700
7.93500000 -0.28308060
7.94500000 -0.27845840
7.95500000 -0.27956690
7.96500000 -0.28309520
7.97500000 -0.28024090
7.98500000 -0.27782520
7.99500000 -0.27658320
8.00500000 -0.27926840
8.01500000 -0.27320560
8.02500000 -0.26941020
8.03500000 -0.26772100
8.04500000 -0.26859020
8.05500000 -0.27029460
8.06500000 -0.26932880
8.07500000 -0.26405340
8.08500000 -0.26332000
8.09500000 -0.26448490
8.10500000 -0.26477570
8.11500000 -0.25913650
8.12500000 -0.25344950
8.13500000 -0.25475330
8.14500000 -0.25294110
8.15500000 -0.25298560
8.16500000 -0.25155340
8.17500000 -0.24930710
8.18500000 -0.24604820
8.19500000 -0.24517270
8.20500000 -0.24522120
8.21500000 -0.24182280
8.22500000 -0.23579270
8.23500000 -0.23259100
8.24500000 -0.23194280
8.25500000 -0.23375540
8.26500000 -0.23004580
8.27500000 -0.22728480
8.28500000 -0.22469850
8.29500000 -0.22398460
8.30500000 -0.21879490
8.31500000 -0.21652230
8.32500000 -0.21372280
8.33500000 -0.21292520
8.34500000 -0.20959260
8.35500000 -0.20673840
8.36500000 -0.20280170
8.37500000 -0.19947000
8.38500000 -0.19957730
8.39500000 -0.20205460
8.40500000 -0.19761370
8.41500000 -0.19399630
8.42500000 -0.19235510
8.43500000 -0.19352890
8.44500000 -0.18946000
8.45500000 -0.18062100
8.46500000 -0.17802440
8.47500000 -0.17912720
8.48500000 -0.17950880
8.49500000 -0.17720930
8.50500000 -0.17104010
8.51500000 -0.17056800
8.52500000 -0.16791190
8.53500000 -0.16538170
8.54500000 -0.16375780
8.55500000 -0.16082670
8.56500000 -0.15778200
8.57500000 -0.15134540
8.58500000 -0.15394410
8.59500000 -0.14983290
8.60500000 -0.14711100
8.61500000 -0.14189220
8.62500000 -0.14211690
8.63500000 -0.14125730
8.64500000 -0.14083930
8.65500000 -0.13484440
8.66500000 -0.13545430
8.67500000 -0.13193700
8.68500000 -0.13129480
8.69500000 -0.12178160
8.70500000 -0.12691280
8.71500000 -0.12658810
8.72500000 -0.12531650
8.73500000 -0.11862090
8.74500000 -0.11724170
8.75500000 -0.11463760
8.76500000 -0.11623500
8.77500000 -0.11364300
8.78500000 -0.11261140
8.79500000 -0.10413290
8.80500000 -0.10833590
8.81500000 -0.10767720
8.82500000 -0.10841680
8.83500000 -0.10052440
8.84500000 -0.10047150
8.85500000 -0.09957520
8.86500000 -0.09720220
8.87500000 -0.09564490
8.88500000 -0.09658310
8.89500000 -0.09570800
8.90500000 -0.09557960
8.91500000 -0.09119860
8.92500000 -0.08664370
8.93500000 -0.08312130
8.94500000 -0.08896020
8.95500000 -0.08582000
8.96500000 -0.08459710
8.97500000 -0.08302410
8.98500000 -0.08282980
8.99500000 -0.07993620
9.00500000 -0.08157580
9.01500000 -0.08184930
9.02500000 -0.08340350
9.03500000 -0.08043040
9.04500000 -0.07849980
9.05500000 -0.07610340
9.06500000 -0.08019820
9.07500000 -0.07769610
9.08500000 -0.07671310
9.09500000 -0.07559060
9.10500000 -0.07695020
9.11500000 -0.07598610
9.12500000 -0.07473420
9.13500000 -0.07187710
9.14500000 -0.07472760
9.15500000 -0.07317830
9.16500000 -0.07386770
9.17500000 -0.07305900
9.18500000 -0.07341880
9.19500000 -0.07084570
9.20500000 -0.06966400
9.21500000 -0.07137370
9.22500000 -0.07091240
9.23500000 -0.07148890
9.24500000 -0.07292000
9.25500000 -0.07087940
9.26500000 -0.07212900
9.27500000 -0.06858370
9.28500000 -0.07177060
9.29500000 -0.06817440
9.30500000 -0.06897040
9.31500000 -0.07069580
9.32500000 -0.07218940
9.33500000 -0.07212350
9.34500000 -0.07165020
9.35500000 -0.07208910
9.36500000 -0.07238550
9.37500000 -0.06987960
9.38500000 -0.07369900
9.39500000 -0.06913150
9.40500000 -0.07108450
9.41500000 -0.06931630
9.42500000 -0.07322360
9.43500000 -0.07118800
9.44500000 -0.07540790
9.45500000 -0.07602220
9.46500000 -0.07549640
9.47500000 -0.07027680
9.48500000 -0.06883730
9.49500000 -0.06846860
9.50500000 -0.07184990
9.51500000 -0.07337690
9.52500000 -0.07709570
9.53500000 -0.07506630
9.54500000 -0.07178750
9.55500000 -0.06833790
9.56500000 -0.07251890
9.57500000 -0.07386780
9.58500000 -0.07470570
9.59500000 -0.07087220
9.60500000 -0.07237780
9.61500000 -0.07171160
9.62500000 -0.07764160
9.63500000 -0.07637930
9.64500000 -0.08252530
9.65500000 -0.07625610
9.66500000 -0.07230930
9.67500000 -0.07091100
9.68500000 -0.07432000
9.69500000 -0.07465990
9.70500000 -0.07421860
9.71500000 -0.07710270
9.72500000 -0.07556030
9.73500000 -0.07674810
9.74500000 -0.07684420
9.75500000 -0.07683460
9.76500000 -0.07677030
9.77500000 -0.07544210
9.78500000 -0.07721060
9.79500000 -0.07680160
9.80500000 -0.07881340
9.81500000 -0.07805080
9.82500000 -0.07646010
9.83500000 -0.07406000
9.84500000 -0.07718900
9.85500000 -0.07597550
9.86500000 -0.07849710
9.87500000 -0.07641190
9.88500000 -0.07910000
9.89500000 -0.08036870
9.90500000 -0.08298740
9.91500000 -0.07932100
9.92500000 -0.07809610
9.93500000 -0.07879670
9.94500000 -0.08073390
9.95500000 -0.08117190
9.96500000 -0.07887180
9.97500000 -0.07987940
9.98500000 -0.08022790
9.99500000 -0.08176400
10.00500000 -0.07679940
10.01500000 -0.08144380
10.02500000 -0.07949200
10.03500000 -0.07970070
10.04500000 -0.08061540
10.05500000 -0.08347320
10.06500000 -0.07990980
10.07500000 -0.07917480
10.08500000 -0.08221370
10.09500000 -0.08452520
10.10500000 -0.08239760
10.11500000 -0.08185210
10.12500000 -0.08173840
10.13500000 -0.08531970
10.14500000 -0.08409600
10.15500000 -0.08396510
10.16500000 -0.07741980
10.17500000 -0.08238570
10.18500000 -0.08257420
10.19500000 -0.08541860
10.20500000 -0.08045340
10.21500000 -0.08442150
10.22500000 -0.08704440
10.23500000 -0.08729490
10.24500000 -0.08360170
10.25500000 -0.08288680
10.26500000 -0.08519970
10.27500000 -0.08338400
10.28500000 -0.08194360
10.29500000 -0.08496470
10.30500000 -0.08323220
10.31500000 -0.08389670
10.32500000 -0.08520530
10.33500000 -0.08793040
10.34500000 -0.08630260
10.35500000 -0.08658120
10.36500000 -0.08874170
10.37500000 -0.08929460
10.38500000 -0.08719060
10.39500000 -0.08485880
10.40500000 -0.08751960
10.41500000 -0.09088620
10.42500000 -0.08892640
10.43500000 -0.08738420
10.44500000 -0.08913810
10.45500000 -0.08792860
10.46500000 -0.09003610
10.47500000 -0.08898150
10.48500000 -0.09236440
10.49500000 -0.08938850
10.50500000 -0.09373220
10.51500000 -0.09119850
10.52500000 -0.09102470
10.53500000 -0.08769910
10.54500000 -0.09032690
10.55500000 -0.09039290
10.56500000 -0.09445580
10.57500000 -0.09166550
10.58500000 -0.09067830
10.59500000 -0.08635840
10.60500000 -0.09053480
10.61500000 -0.09056970
10.62500000 -0.09252660
10.63500000 -0.09245060
10.64500000 -0.09583890
10.65500000 -0.09552670
10.66500000 -0.09332180
10.67500000 -0.09552310
10.68500000 -0.09633490
10.69500000 -0.09337120
10.70500000 -0.09322760
10.71500000 -0.09381570
10.72500000 -0.09650470
10.73500000 -0.09590560
10.74500000 -0.09477650
10.75500000 -0.09420890
10.76500000 -0.09788250
10.77500000 -0.09832350
10.78500000 -0.09538110
10.79500000 -0.09566080
10.80500000 -0.09487230
10.81500000 -0.09775270
10.82500000 -0.09486410
10.83500000 -0.09762680
10.84500000 -0.09527750
10.85500000 -0.09896130
10.86500000 -0.09830640
10.87500000 -0.09718560
10.88500000 -0.09541200
10.89500000 -0.09915910
10.90500000 -0.10280690
10.91500000 -0.09909380
10.92500000 -0.09941210
10.93500000 -0.10273690
10.94500000 -0.10097150
10.95500000 -0.10040580
10.96500000 -0.09844730
10.97500000 -0.10180090
10.98500000 -0.09865690
10.99500000 -0.10032090
11.00500000 -0.09948450
11.01500000 -0.10151480
11.02500000 -0.09996150
11.03500000 -0.10195340
11.04500000 -0.10604180
11.05500000 -0.10420550
11.06500000 -0.10282700
11.07500000 -0.10093020
11.08500000 -0.10292690
11.09500000 -0.10094770
11.10500000 -0.10266050
11.11500000 -0.10227060
11.12500000 -0.10239760
11.13500000 -0.10028810
11.14500000 -0.10493130
11.15500000 -0.10272950
11.16500000 -0.10216370
11.17500000 -0.10306620
11.18500000 -0.10779250
11.19500000 -0.10509290
11.20500000 -0.10210790
11.21500000 -0.10299900
11.22500000 -0.10304760
11.23500000 -0.10455830
11.24500000 -0.10257880
11.25500000 -0.10182600
11.26500000 -0.10095130
11.27500000 -0.10311640
11.28500000 -0.10314450
11.29500000 -0.10529700
11.30500000 -0.10764990
11.31500000 -0.10801550
11.32500000 -0.10872250
11.33500000 -0.10796720
11.34500000 -0.10659560
11.35500000 -0.10568440
11.36500000 -0.10656200
11.37500000 -0.10506830
11.38500000 -0.10607540
11.39500000 -0.10969720
11.40500000 -0.10820740
11.41500000 -0.10543760
11.42500000 -0.10344510
11.43500000 -0.10394150
11.44500000 -0.10524770
11.45500000 -0.10604040
11.46500000 -0.10615320
11.47500000 -0.10568830
11.48500000 -0.10701790
11.49500000 -0.10668410
11.50500000 -0.10436410
11.51500000 -0.10406690
11.52500000 -0.10651280
11.53500000 -0.10425780
11.54500000 -0.10467630
11.55500000 -0.10015840
11.56500000 -0.10573200
11.57500000 -0.10339300
11.58500000 -0.10831800
11.59500000 -0.10131560
11.60500000 -0.10358540
11.61500000 -0.10350600
11.62500000 -0.10579490
11.63500000 -0.10354500
11.64500000 -0.10428720
11.65500000 -0.10548640
11.66500000 -0.10612980
11.67500000 -0.10605960
11.68500000 -0.10513460
11.69500000 -0.10417570
11.70500000 -0.10299890
11.71500000 -0.10081920
11.72500000 -0.10253940
11.73500000 -0.10525340
11.74500000 -0.10407590
11.75500000 -0.10401890
11.76500000 -0.10461120
11.77500000 -0.10419980
11.78500000 -0.10236370
11.79500000 -0.10285810
11.80500000 -0.10290240
11.81500000 -0.10303900
11.82500000 -0.10269520
11.83500000 -0.10388540
11.84500000 -0.10279880
11.85500000 -0.10185080
11.86500000 -0.09696710
11.87500000 -0.10019970
11.88500000 -0.09983010
11.89500000 -0.10477690
11.90500000 -0.10274370
11.91500000 -0.10530990
11.92500000 -0.10252550
11.93500000 -0.10115270
11.94500000 -0.09820020
11.95500000 -0.09831390
11.96500000 -0.09946360
11.97500000 -0.10060110
11.98500000 -0.09812120
11.99500000 -0.09901110
12.00500000 -0.09836900
12.01500000 -0.10137010
12.02500000 -0.10003260
12.03500000 -0.09969530
12.04500000 -0.09899660
12.05500000 -0.09817720
12.06500000 -0.09803220
12.07500000 -0.09511030
12.08500000 -0.09595230
12.09500000 -0.09238550
12.10500000 -0.09552660
12.11500000 -0.09528770
12.12500000 -0.09751800
12.13500000 -0.09151090
12.14500000 -0.09311600
12.15500000 -0.09144180
12.16500000 -0.09364580
12.17500000 -0.09248590
12.18500000 -0.09418520
12.19500000 -0.09130600
12.20500000 -0.08913970
12.21500000 -0.09104260
12.22500000 -0.09191470
12.23500000 -0.09133490
12.24500000 -0.09057110
12.25500000 -0.09103120
12.26500000 -0.08930900
12.27500000 -0.08837660
12.28500000 -0.08860930
12.29500000 -0.08689010
12.30500000 -0.08569360
12.31500000 -0.08811630
12.32500000 -0.08794340
12.33500000 -0.08496600
12.34500000 -0.08339440
12.35500000 -0.08691230
12.36500000 -0.08777930
12.37500000 -0.08450340
12.38500000 -0.08402110
12.39500000 -0.08148800
12.40500000 -0.08228240
12.41500000 -0.08177940
12.42500000 -0.08602490
12.43500000 -0.08112790
12.44500000 -0.08131890
12.45500000 -0.08069850
12.46500000 -0.08113420
12.47500000 -0.08054810
12.48500000 -0.08413790
12.49500000 -0.08212830
12.50500000 -0.08046560
12.51500000 -0.07512050
12.52500000 -0.07824310
12.53500000 -0.07810430
12.54500000 -0.07983500
12.55500000 -0.07313140
12.56500000 -0.07050940
12.57500000 -0.07423960
12.58500000 -0.07722350
12.59500000 -0.07712050
12.60500000 -0.07370360
12.61500000 -0.07462700
12.62500000 -0.07328690
12.63500000 -0.07057560
12.64500000 -0.07239540
12.65500000 -0.07312740
12.66500000 -0.07530260
12.67500000 -0.07191120
12.68500000 -0.06907490
12.69500000 -0.06827540
12.70500000 -0.07037130
12.71500000 -0.07161500
12.72500000 -0.07017540
12.73500000 -0.06766980
12.74500000 -0.06769260
12.75500000 -0.06738010
12.76500000 -0.07053180
12.77500000 -0.06801950
12.78500000 -0.06901200
12.79500000 -0.06670930
12.80500000 -0.06682340
12.81500000 -0.06715360
12.82500000 -0.06716810
12.83500000 -0.06566360
12.84500000 -0.06402110
12.85500000 -0.06499870
12.86500000 -0.06484770
12.87500000 -0.06368140
12.88500000 -0.06434170
12.89500000 -0.06459990
12.90500000 -0.06305820
12.91500000 -0.05831880
12.92500000 -0.05889750
12.93500000 -0.05944030
12.94500000 -0.06024530
12.95500000 -0.05811820
12.96500000 -0.06108570
12.97500000 -0.06026850
12.98500000 -0.06047930
12.99500000 -0.05578060
13.00500000 -0.05677770
13.01500000 -0.05704780
13.02500000 -0.05897800
13.03500000 -0.05579920
13.04500000 -0.05797380
13.05500000 -0.05552740
13.06500000 -0.05698100
13.07500000 -0.05475080
13.08500000 -0.05708260
13.09500000 -0.05146730
13.10500000 -0.05425860
13.11500000 -0.05408950
13.12500000 -0.05433190
13.13500000 -0.05273110
13.14500000 -0.05509120
13.15500000 -0.05478030
13.16500000 -0.05107670
13.17500000 -0.05211180
13.18500000 -0.05177320
13.19500000 -0.05283990
13.20500000 -0.05247040
13.21500000 -0.05104830
13.22500000 -0.04728620
13.23500000 -0.04765320
13.24500000 -0.05142000
13.25500000 -0.04978590
13.26500000 -0.04866320
13.27500000 -0.04755500
13.28500000 -0.04743820
13.29500000 -0.04347960
13.30500000 -0.04744060
13.31500000 -0.04852100
13.32500000 -0.04695020
13.33500000 -0.04444900
13.34500000 -0.04608700
13.35500000 -0.04697660
13.36500000 -0.04678340
13.37500000 -0.04420080
13.38500000 -0.04531220
13.39500000 -0.04365000
13.40500000 -0.04192450
13.41500000 -0.04207730
13.42500000 -0.04545500
13.43500000 -0.04657330
13.44500000 -0.04386990
13.45500000 -0.03915000
13.46500000 -0.03989910
13.47500000 -0.04267540
13.48500000 -0.04492410
13.49500000 -0.04061770
13.50500000 -0.04304610
13.51500000 -0.04208540
13.52500000 -0.03972720
13.53500000 -0.03833950
13.54500000 -0.03973970
13.55500000 -0.04061940
13.56500000 -0.04160380
13.57500000 -0.04154890
13.58500000 -0.03607710
13.59500000 -0.03868060
13.60500000 -0.03979900
13.61500000 -0.03817180
13.62500000 -0.03364930
13.63500000 -0.03766990
13.64500000 -0.03833270
13.65500000 -0.03738230
13.66500000 -0.03639630
13.67500000 -0.03613560
13.68500000 -0.03408540
13.69500000 -0.03523950
13.70500000 -0.03616740
13.71500000 -0.03482540
13.72500000 -0.03354430
13.73500000 -0.03507030
13.74500000 -0.03563230
13.75500000 -0.03444980
13.76500000 -0.03550840
13.77500000 -0.03439320
13.78500000 -0.03351730
13.79500000 -0.03291950
13.80500000 -0.03477130
13.81500000 -0.03494460
13.82500000 -0.03318830
13.83500000 -0.03268030
13.84500000 -0.03097840
13.85500000 -0.03156010
13.86500000 -0.02978710
13.87500000 -0.02977310
13.88500000 -0.02960660
13.89500000 -0.03134270
13.90500000 -0.03017250
13.91500000 -0.02891720
13.92500000 -0.02838550
13.93500000 -0.02836610
13.94500000 -0.02779540
13.95500000 -0.02803510
13.96500000 -0.02656470
13.97500000 -0.02608820
13.98500000 -0.02771800
13.99500000 -0.02885430
14.00500000 -0.02808530
14.01500000 -0.02587400
14.02500000 -0.02682440
14.03500000 -0.02662110
14.04500000 -0.02645260
14.05500000 -0.02626210
14.06500000 -0.02591870
14.07500000 -0.02465820
14.08500000 -0.02578270
14.09500000 -0.02621340
14.10500000 -0.02393210
14.11500000 -0.02525100
14.12500000 -0.02784760
14.13500000 -0.02508310
14.14500000 -0.02174450
14.15500000 -0.02302700
14.16500000 -0.02466710
14.17500000 -0.02397000
14.18500000 -0.02325720
14.19500000 -0.02219270
14.20500000 -0.02278340
14.21500000 -0.02233300
14.22500000 -0.02406740
14.23500000 -0.02044450
14.24500000 -0.02037060
14.25500000 -0.01952090
14.26500000 -0.02031440
14.27500000 -0.01890570
14.28500000 -0.01855000
14.29500000 -0.01802750
14.30500000 -0.01803050
14.31500000 -0.02158220
14.32500000 -0.02187750
14.33500000 -0.01823610
14.34500000 -0.01774110
14.35500000 -0.01987970
14.36500000 -0.01814610
14.37500000 -0.01724010
14.38500000 -0.01699560
14.39500000 -0.01962370
14.40500000 -0.01837810
14.41500000 -0.01721280
14.42500000 -0.01862240
14.43500000 -0.01837730
14.44500000 -0.01646010
14.45500000 -0.01648720
14.46500000 -0.01871760
14.47500000 -0.01718700
14.48500000 -0.01599650
14.49500000 -0.01474460
14.50500000 -0.01602410
14.51500000 -0.01282340
14.52500000 -0.01480460
14.53500000 -0.01434860
14.54500000 -0.01611810
14.55500000 -0.01259940
14.56500000 -0.01419810
14.57500000 -0.01372240
14.58500000 -0.01428720
14.59500000 -0.01258470
14.60500000 -0.01422840
14.61500000 -0.01357550
14.62500000 -0.01449360
14.63500000 -0.01319100
14.64500000 -0.01654170
14.65500000 -0.01458980
14.66500000 -0.01372810
14.67500000 -0.01064950
14.68500000 -0.01274870
14.69500000 -0.00787960
14.70500000 -0.00945180
14.71500000 -0.00980020
14.72500000 -0.01411520
14.73500000 -0.01164840
14.74500000 -0.00975100
14.75500000 -0.00943320
14.76500000 -0.01151760
14.77500000 -0.01103790
14.78500000 -0.00924590
14.79500000 -0.00990520
14.80500000 -0.00902580
14.81500000 -0.00656590
14.82500000 -0.01083640
14.83500000 -0.01146390
14.84500000 -0.01237190
14.85500000 -0.00750310
14.86500000 -0.00964000
14.87500000 -0.00968450
14.88500000 -0.01258730
14.89500000 -0.00846850
14.90500000 -0.00780610
14.91500000 -0.00785060
14.92500000 -0.01004280
14.93500000 -0.00803770
14.94500000 -0.00794780
14.95500000 -0.00852840
14.96500000 -0.01002210
14.97500000 -0.00844220
14.98500000 -0.00622180
14.99500000 -0.00702150
