0.00500000 94.99960309
0.01500000 94.99642786
0.02500000 94.99007755
0.03500000 94.98055247
0.04500000 94.96785309
0.05500000 94.95198005
0.06500000 94.93293411
0.07500000 94.91071622
0.08500000 94.88532746
0.09500000 94.85676909
0.10500000 94.82504251
0.11500000 94.79014929
0.12500000 94.75209114
0.13500000 94.71086993
0.14500000 94.66648770
0.15500000 94.61894663
0.16500000 94.56824906
0.17500000 94.51439749
0.18500000 94.45739457
0.19500000 94.39724312
0.20500000 94.33394611
0.21500000 94.26750664
0.22500000 94.19792801
0.23500000 94.12521365
0.24500000 94.04936715
0.25500000 93.97039226
0.26500000 93.88829288
0.27500000 93.80307306
0.28500000 93.71473704
0.29500000 93.62328917
0.30500000 93.52873398
0.31500000 93.43107617
0.32500000 93.33032056
0.33500000 93.22647217
0.34500000 93.11953612
0.35500000 93.00951775
0.36500000 92.89642251
0.37500000 92.78025602
0.38500000 92.66102407
0.39500000 92.53873257
0.40500000 92.41338763
0.41500000 92.28499549
0.42500000 92.15356254
0.43500000 92.01909535
0.44500000 91.88160064
0.45500000 91.74108526
0.46500000 91.59755626
0.47500000 91.45102080
0.48500000 91.30148623
0.49500000 91.14896004
0.50500000 90.99344989
0.51500000 90.83496357
0.52500000 90.67350906
0.53500000 90.50909448
0.54500000 90.34172808
0.55500000 90.17141832
0.56500000 89.99817378
0.57500000 89.82200319
0.58500000 89.64291547
0.59500000 89.46091965
0.60500000 89.27602497
0.61500000 89.08824078
0.62500000 88.89757662
0.63500000 88.70404215
0.64500000 88.50764722
0.65500000 88.30840182
0.66500000 88.10631610
0.67500000 87.90140037
0.68500000 87.69366508
0.69500000 87.48312085
0.70500000 87.26977846
0.71500000 87.05364883
0.72500000 86.83474305
0.73500000 86.61307237
0.74500000 86.38864818
0.75500000 86.16148203
0.76500000 85.93158563
0.77500000 85.69897086
0.78500000 85.46364974
0.79500000 85.22563443
0.80500000 84.98493728
0.81500000 84.74157078
0.82500000 84.49554758
0.83500000 84.24688048
0.84500000 83.99558243
0.85500000 83.74166656
0.86500000 83.48514613
0.87500000 83.22603457
0.88500000 82.96434547
0.89500000 82.70009257
0.90500000 82.43328976
0.91500000 82.16395110
0.92500000 81.89209078
0.93500000 81.61772319
0.94500000 81.34086284
0.95500000 81.06152440
0.96500000 80.77972271
0.97500000 80.49547276
0.98500000 80.20878969
0.99500000 79.91968880
1.00500000 79.62818556
1.01500000 79.33429557
1.02500000 79.03803461
1.03500000 78.73941859
1.04500000 78.43846362
1.05500000 78.13518591
1.06500000 77.82960187
1.07500000 77.52172804
1.08500000 77.21158114
1.09500000 76.89917802
1.10500000 76.58453571
1.11500000 76.26767138
1.12500000 75.94860236
1.13500000 75.62734613
1.14500000 75.30392035
1.15500000 74.97834281
1.16500000 74.65063146
1.17500000 74.32080443
1.18500000 73.98887996
1.19500000 73.65487650
1.20500000 73.31881263
1.21500000 72.98070706
1.22500000 72.64057871
1.23500000 72.29844662
1.24500000 71.95432999
1.25500000 71.60824818
1.26500000 71.26022071
1.27500000 70.91026726
1.28500000 70.55840765
1.29500000 70.20466187
1.30500000 69.84905007
1.31500000 69.49159253
1.32500000 69.13230971
1.33500000 68.77122222
1.34500000 68.40835084
1.35500000 68.04371647
1.36500000 67.67734020
1.37500000 67.30924327
1.38500000 66.93944706
1.39500000 66.56797313
1.40500000 66.19484316
1.41500000 65.82007904
1.42500000 65.44370275
1.43500000 65.06573649
1.44500000 64.68620258
1.45500000 64.30512350
1.46500000 63.92252189
1.47500000 63.53842055
1.48500000 63.15284242
1.49500000 62.76581062
1.50500000 62.37734842
1.51500000 61.98747922
1.52500000 61.59622662
1.53500000 61.20361434
1.54500000 60.80966626
1.55500000 60.41440645
1.56500000 60.01785908
1.57500000 59.62004854
1.58500000 59.22099932
1.59500000 58.82073609
1.60500000 58.41928369
1.61500000 58.01666709
1.62500000 57.61291144
1.63500000 57.20804202
1.64500000 56.80208429
1.65500000 56.39506385
1.66500000 55.98700647
1.67500000 55.57793806
1.68500000 55.16788470
1.69500000 54.75687262
1.70500000 54.34492821
1.71500000 53.93207801
1.72500000 53.51834871
1.73500000 53.10376719
1.74500000 52.68836043
1.75500000 52.27215563
1.76500000 51.85518009
1.77500000 51.43746130
1.78500000 51.01902689
1.79500000 50.59990467
1.80500000 50.18012256
1.81500000 49.75970869
1.82500000 49.33869131
1.83500000 48.91709883
1.84500000 48.49495984
1.85500000 48.07230305
1.86500000 47.64915736
1.87500000 47.22555181
1.88500000 46.80151558
1.89500000 46.37707805
1.90500000 45.95226871
1.91500000 45.52711724
1.92500000 45.10165345
1.93500000 44.67590733
1.94500000 44.24990900
1.95500000 43.82368876
1.96500000 43.39727706
1.97500000 42.97070449
1.98500000 42.54400182
1.99500000 42.11719996
2.00500000 41.69032998
2.01500000 41.26342312
2.02500000 40.83651074
2.03500000 40.40962440
2.04500000 39.98279579
2.05500000 39.55605676
2.06500000 39.12943932
2.07500000 38.70297563
2.08500000 38.27669801
2.09500000 37.85063894
2.10500000 37.42483106
2.11500000 36.99930714
2.12500000 36.57410014
2.13500000 36.14924316
2.14500000 35.72476945
2.15500000 35.30071242
2.16500000 34.87710565
2.17500000 34.45398287
2.18500000 34.03137794
2.19500000 33.60932492
2.20500000 33.18785799
2.21500000 32.76701151
2.22500000 32.34681997
2.23500000 31.92731805
2.24500000 31.50854056
2.25500000 31.09052248
2.26500000 30.67329894
2.27500000 30.25690521
2.28500000 29.84137676
2.29500000 29.42674917
2.30500000 29.01305820
2.31500000 28.60033976
2.32500000 28.18862993
2.33500000 27.77796492
2.34500000 27.36838111
2.35500000 26.95991504
2.36500000 26.55260340
2.37500000 26.14648304
2.38500000 25.74159097
2.39500000 25.33796434
2.40500000 24.93564047
2.41500000 24.53465684
2.42500000 24.13505107
2.43500000 23.73686094
2.44500000 23.34012441
2.45500000 22.94487956
2.46500000 22.55116465
2.47500000 22.15901809
2.48500000 21.76847845
2.49500000 21.37958444
2.50500000 20.99237495
2.51500000 20.60688901
2.52500000 20.22316580
2.53500000 19.84124469
2.54500000 19.46116516
2.55500000 19.08296687
2.56500000 18.70668965
2.57500000 18.33237347
2.58500000 17.96005844
2.59500000 17.58978485
2.60500000 17.22159315
2.61500000 16.85552393
2.62500000 16.49161793
2.63500000 16.12991607
2.64500000 15.77045942
2.65500000 15.41328918
2.66500000 15.05844674
2.67500000 14.70597363
2.68500000 14.35591154
2.69500000 14.00830231
2.70500000 13.66318795
2.71500000 13.32061061
2.72500000 12.98061260
2.73500000 12.64323639
2.74500000 12.30852461
2.75500000 11.97652004
2.76500000 11.64726561
2.77500000 11.32080443
2.78500000 10.99717973
2.79500000 10.67643493
2.80500000 10.35861359
2.81500000 10.04375943
2.82500000 9.73191632
2.83500000 9.42312829
2.84500000 9.11743952
2.85500000 8.81489437
2.86500000 8.51553733
2.87500000 8.21941305
2.88500000 7.92656634
2.89500000 7.63704218
2.90500000 7.35088569
2.91500000 7.06814214
2.92500000 6.78885698
2.93500000 6.51307579
2.94500000 6.24084432
2.95500000 5.97220847
2.96500000 5.70721431
2.97500000 5.44590806
2.98500000 5.18833608
2.99500000 4.93454490
3.00500000 4.68458121
3.01500000 4.43849186
3.02500000 4.19632382
3.03500000 3.95812427
3.04500000 3.72394051
3.05500000 3.49382000
3.06500000 3.25421750
3.07500000 3.03962990
3.08500000 2.80510580
3.09500000 2.60589110
3.10500000 2.41569300
3.11500000 2.27241730
3.12500000 2.10209760
3.13500000 1.93471290
3.14500000 1.79364330
3.15500000 1.66303850
3.16500000 1.52084910
3.17500000 1.40213070
3.18500000 1.30266230
3.19500000 1.22296010
3.20500000 1.11328170
3.21500000 1.01693650
3.22500000 0.95356810
3.23500000 0.88790530
3.24500000 0.82253430
3.25500000 0.75289680
3.26500000 0.70887770
3.27500000 0.65632530
3.28500000 0.61942700
3.29500000 0.59117050
3.30500000 0.54651260
3.31500000 0.52046170
3.32500000 0.49438400
3.33500000 0.46856660
3.34500000 0.43910050
3.35500000 0.42172700
3.36500000 0.41515970
3.37500000 0.40764640
3.38500000 0.39506820
3.39500000 0.37798650
3.40500000 0.37723670
3.41500000 0.36842240
3.42500000 0.36322210
3.43500000 0.37273110
3.44500000 0.37012970
3.45500000 0.37530120
3.46500000 0.37971330
3.47500000 0.38584780
3.48500000 0.39290320
3.49500000 0.39155260
3.50500000 0.40333670
3.51500000 0.40820590
3.52500000 0.42139140
3.53500000 0.42085290
3.54500000 0.43709450
3.55500000 0.43656970
3.56500000 0.45101250
3.57500000 0.43936450
3.58500000 0.45293100
3.59500000 0.45013150
3.60500000 0.46328790
3.61500000 0.45745170
3.62500000 0.46142180
3.63500000 0.44801950
3.64500000 0.44604000
3.65500000 0.43998530
3.66500000 0.42946150
3.67500000 0.41891540
3.68500000 0.39162550
3.69500000 0.40010540
3.70500000 0.37310990
3.71500000 0.35336840
3.72500000 0.32540220
3.73500000 0.31021220
3.74500000 0.27889270
3.75500000 0.25655390
3.76500000 0.22401220
3.77500000 0.19674490
3.78500000 0.16028730
3.79500000 0.12811240
3.80500000 0.08440020
3.81500000 0.03796410
3.82500000 0.00124370
3.83500000 -0.04402800
3.84500000 -0.08004000
3.85500000 -0.11776900
3.86500000 -0.15757880
3.87500000 -0.21422940
3.88500000 -0.26268450
3.89500000 -0.30659550
3.90500000 -0.34931630
3.91500000 -0.39169230
3.92500000 -0.43373240
3.93500000 -0.48001190
3.94500000 -0.51885620
3.95500000 -0.57349900
3.96500000 -0.60059330
3.97500000 -0.65939370
3.98500000 -0.70920460
3.99500000 -0.72858830
4.00500000 -0.78819390
4.01500000 -0.81732000
4.02500000 -0.85779440
4.03500000 -0.88965000
4.04500000 -0.93323310
4.05500000 -0.95749210
4.06500000 -0.99574220
4.07500000 -1.02783070
4.08500000 -1.05927550
4.09500000 -1.09190080
4.10500000 -1.12459370
4.11500000 -1.13534900
4.12500000 -1.15887230
4.13500000 -1.18390690
4.14500000 -1.21158360
4.15500000 -1.23280370
4.16500000 -1.25598280
4.17500000 -1.27134470
4.18500000 -1.29720610
4.19500000 -1.31446390
4.20500000 -1.32408050
4.21500000 -1.34227680
4.22500000 -1.35674970
4.23500000 -1.36799400
4.24500000 -1.38329690
4.25500000 -1.39303420
4.26500000 -1.41336280
4.27500000 -1.41262130
4.28500000 -1.42460000
4.29500000 -1.43069010
4.30500000 -1.44232530
4.31500000 -1.44570320
4.32500000 -1.45539380
4.33500000 -1.46829720
4.34500000 -1.46367670
4.35500000 -1.46211250
4.36500000 -1.47292530
4.37500000 -1.48238390
4.38500000 -1.47723110
4.39500000 -1.47905880
4.40500000 -1.48616620
4.41500000 -1.48899160
4.42500000 -1.49699480
4.43500000 -1.48864330
4.44500000 -1.49504800
4.45500000 -1.49098680
4.46500000 -1.49604970
4.47500000 -1.48577490
4.48500000 -1.48268590
4.49500000 -1.48541130
4.50500000 -1.49303220
4.51500000 -1.47785150
4.52500000 -1.47216820
4.53500000 -1.48005580
4.54500000 -1.47216280
4.55500000 -1.46743610
4.56500000 -1.46651240
4.57500000 -1.45712290
4.58500000 -1.45059760
4.59500000 -1.43869610
4.60500000 -1.43506560
4.61500000 -1.43086460
4.62500000 -1.42635540
4.63500000 -1.42080840
4.64500000 -1.41424090
4.65500000 -1.40321010
4.66500000 -1.39434140
4.67500000 -1.38601150
4.68500000 -1.37491950
4.69500000 -1.36675270
4.70500000 -1.35688230
4.71500000 -1.34101190
4.72500000 -1.32925050
4.73500000 -1.31823960
4.74500000 -1.31083930
4.75500000 -1.29982990
4.76500000 -1.28289450
4.77500000 -1.26991570
4.78500000 -1.26239060
4.79500000 -1.24727110
4.80500000 -1.23838790
4.81500000 -1.22015480
4.82500000 -1.21102930
4.83500000 -1.19937290
4.84500000 -1.18164700
4.85500000 -1.16133680
4.86500000 -1.14666400
4.87500000 -1.12906850
4.88500000 -1.11436330
4.89500000 -1.10246570
4.90500000 -1.08279670
4.91500000 -1.06339790
4.92500000 -1.04520690
4.93500000 -1.03119020
4.94500000 -1.02312270
4.95500000 -1.00134580
4.96500000 -0.98376230
4.97500000 -0.96378360
4.98500000 -0.94377470
4.99500000 -0.92946640
5.00500000 -0.90509080
5.01500000 -0.88417930
5.02500000 -0.86659840
5.03500000 -0.85891140
5.04500000 -0.83947450
5.05500000 -0.81537030
5.06500000 -0.80129580
5.07500000 -0.78151660
5.08500000 -0.76973600
5.09500000 -0.74090970
5.10500000 -0.72603440
5.11500000 -0.70682910
5.12500000 -0.69944200
5.13500000 -0.67102660
5.14500000 -0.65279530
5.15500000 -0.63281110
5.16500000 -0.61919290
5.17500000 -0.60138730
5.18500000 -0.58113980
5.19500000 -0.56375470
5.20500000 -0.54788960
5.21500000 -0.53166980
5.22500000 -0.51370910
5.23500000 -0.48968210
5.24500000 -0.48696900
5.25500000 -0.45965920
5.26500000 -0.43855000
5.27500000 -0.42700370
5.28500000 -0.41783260
5.29500000 -0.39628560
5.30500000 -0.38584790
5.31500000 -0.36163920
5.32500000 -0.34885980
5.33500000 -0.33070040
5.34500000 -0.32010690
5.35500000 -0.29633200
5.36500000 -0.28986640
5.37500000 -0.27002720
5.38500000 -0.25789340
5.39500000 -0.24569860
5.40500000 -0.22463930
5.41500000 -0.21154130
5.42500000 -0.19671350
5.43500000 -0.19106640
5.44500000 -0.18336750
5.45500000 -0.16796250
5.46500000 -0.14466540
5.47500000 -0.13271790
5.48500000 -0.12249720
5.49500000 -0.11071670
5.50500000 -0.09870420
5.51500000 -0.08546230
5.52500000 -0.08081470
5.53500000 -0.06398240
5.54500000 -0.05379800
5.55500000 -0.04190890
5.56500000 -0.03309670
5.57500000 -0.03232140
5.58500000 -0.01426920
5.59500000 -0.00072620
5.60500000 0.00665470
5.61500000 0.02186350
5.62500000 0.02429960
5.63500000 0.04000790
5.64500000 0.04644930
5.65500000 0.05275190
5.66500000 0.05095830
5.67500000 0.06952280
5.68500000 0.08509700
5.69500000 0.09068610
5.70500000 0.09238550
5.71500000 0.10493110
5.72500000 0.10512750
5.73500000 0.11148990
5.74500000 0.12323800
5.75500000 0.13046740
5.76500000 0.14131570
5.77500000 0.15035450
5.78500000 0.14917670
5.79500000 0.15847480
5.80500000 0.16632880
5.81500000 0.17127670
5.82500000 0.17574100
5.83500000 0.17576390
5.84500000 0.18477930
5.85500000 0.19700250
5.86500000 0.19940110
5.87500000 0.20602710
5.88500000 0.21082110
5.89500000 0.21684540
5.90500000 0.22074790
5.91500000 0.22370700
5.92500000 0.22946910
5.93500000 0.24166170
5.94500000 0.24069890
5.95500000 0.25681370
5.96500000 0.24651040
5.97500000 0.25619650
5.98500000 0.25849900
5.99500000 0.27742990
6.00500000 0.26992020
6.01500000 0.27625460
6.02500000 0.28322510
6.03500000 0.28971120
6.04500000 0.28614420
6.05500000 0.29477660
6.06500000 0.29031210
6.07500000 0.28895040
6.08500000 0.30477430
6.09500000 0.30664780
6.10500000 0.30080410
6.11500000 0.30369370
6.12500000 0.30700320
6.13500000 0.30977480
6.14500000 0.31420730
6.15500000 0.31053540
6.16500000 0.31970070
6.17500000 0.31292670
6.18500000 0.32579190
6.19500000 0.31941300
6.20500000 0.31874740
6.21500000 0.31460420
6.22500000 0.31514550
6.23500000 0.32104420
6.24500000 0.32091930
6.25500000 0.32269970
6.26500000 0.32042210
6.27500000 0.32698430
6.28500000 0.31543260
6.29500000 0.32166800
6.30500000 0.32060450
6.31500000 0.32149380
6.32500000 0.31502830
6.33500000 0.31696710
6.34500000 0.31996900
6.35500000 0.31392390
6.36500000 0.30438910
6.37500000 0.30503270
6.38500000 0.30267740
6.39500000 0.29909000
6.40500000 0.29457310
6.41500000 0.29831920
6.42500000 0.28867170
6.43500000 0.28688880
6.44500000 0.28324430
6.45500000 0.28353040
6.46500000 0.27623230
6.47500000 0.27223510
6.48500000 0.26703770
6.49500000 0.26432200
6.50500000 0.26126510
6.51500000 0.25254380
6.52500000 0.25043180
6.53500000 0.24284880
6.54500000 0.24126490
6.55500000 0.23827070
6.56500000 0.23170960
6.57500000 0.22031220
6.58500000 0.21839880
6.59500000 0.21314300
6.60500000 0.20334310
6.61500000 0.20297310
6.62500000 0.19162430
6.63500000 0.19221660
6.64500000 0.18613620
6.65500000 0.18207320
6.66500000 0.17070010
6.67500000 0.16419810
6.68500000 0.15643740
6.69500000 0.15372590
6.70500000 0.14304960
6.71500000 0.13866230
6.72500000 0.13653600
6.73500000 0.13228370
6.74500000 0.12514600
6.75500000 0.12117860
6.76500000 0.11738830
6.77500000 0.11061130
6.78500000 0.10538830
6.79500000 0.10180030
6.80500000 0.09547140
6.81500000 0.08553480
6.82500000 0.08163270
6.83500000 0.07630170
6.84500000 0.06493880
6.85500000 0.06398630
6.86500000 0.05480190
6.87500000 0.05021860
6.88500000 0.04328440
6.89500000 0.04192250
6.90500000 0.03279580
6.91500000 0.03192710
6.92500000 0.02907870
6.93500000 0.01957570
6.94500000 0.01542690
6.95500000 0.01394570
6.96500000 0.01213660
6.97500000 -0.00031130
6.98500000 -0.00167060
6.99500000 -0.00751450
7.00500000 -0.01229580
7.01500000 -0.01689960
7.02500000 -0.02087420
7.03500000 -0.02247420
7.04500000 -0.02661430
7.05500000 -0.02467050
7.06500000 -0.02835850
7.07500000 -0.03171620
7.08500000 -0.03796530
7.09500000 -0.04468000
7.10500000 -0.05042060
7.11500000 -0.04876940
7.12500000 -0.05394810
7.13500000 -0.05861640
7.14500000 -0.05410100
7.15500000 -0.06291710
7.16500000 -0.06383920
7.17500000 -0.06472980
7.18500000 -0.06751410
7.19500000 -0.07210860
7.20500000 -0.07548450
7.21500000 -0.07866770
7.22500000 -0.07681280
7.23500000 -0.08364140
7.24500000 -0.08977720
7.25500000 -0.08699290
7.26500000 -0.09317340
7.27500000 -0.09065940
7.28500000 -0.09280580
7.29500000 -0.09605170
7.30500000 -0.10179230
7.31500000 -0.10202180
7.32500000 -0.10454770
7.33500000 -0.10636390
7.34500000 -0.10513980
7.35500000 -0.10367830
7.36500000 -0.10436200
7.37500000 -0.10514260
7.38500000 -0.10894340
7.39500000 -0.11551170
7.40500000 -0.11614440
7.41500000 -0.11207840
7.42500000 -0.11116930
7.43500000 -0.11941930
7.44500000 -0.11679700
7.45500000 -0.12235170
7.46500000 -0.12214590
7.47500000 -0.12351540
7.48500000 -0.11865920
7.49500000 -0.11939970
7.50500000 -0.11881360
7.51500000 -0.12798120
7.52500000 -0.12472780
7.53500000 -0.12941590
7.54500000 -0.12425680
7.55500000 -0.12749070
7.56500000 -0.12440420
7.57500000 -0.12392620
7.58500000 -0.12904720
7.59500000 -0.13015700
7.60500000 -0.12572690
7.61500000 -0.12860150
7.62500000 -0.13123880
7.63500000 -0.12686860
7.64500000 -0.12867050
7.65500000 -0.12354620
7.66500000 -0.13080620
7.67500000 -0.12557790
7.68500000 -0.12559670
7.69500000 -0.12030940
7.70500000 -0.12485140
7.71500000 -0.12225640
7.72500000 -0.12907730
7.73500000 -0.12424450
7.74500000 -0.12529400
7.75500000 -0.12345710
7.76500000 -0.13043970
7.77500000 -0.12341550
7.78500000 -0.11990210
7.79500000 -0.12443510
7.80500000 -0.12400720
7.81500000 -0.12262510
7.82500000 -0.12574910
7.83500000 -0.12061030
7.84500000 -0.11411980
7.85500000 -0.11637110
7.86500000 -0.11860450
7.87500000 -0.12094480
7.88500000 -0.11666810
7.89500000 -0.11465130
7.90500000 -0.11419420
7.91500000 -0.11017300
7.92500000 -0.11016870
7.93500000 -0.11034160
7.94500000 -0.10081060
7.95500000 -0.10164630
7.96500000 -0.10755530
7.97500000 -0.10255340
7.98500000 -0.10390730
7.99500000 -0.10350630
8.00500000 -0.10405790
8.01500000 -0.09683060
8.02500000 -0.09921020
8.03500000 -0.09286180
8.04500000 -0.10056710
8.05500000 -0.09056160
8.06500000 -0.09575710
8.07500000 -0.08935460
8.08500000 -0.09077630
8.09500000 -0.08512480
8.10500000 -0.09304700
8.11500000 -0.08588850
8.12500000 -0.08332160
8.13500000 -0.07737920
8.14500000 -0.08175690
8.15500000 -0.07386540
8.16500000 -0.07685470
8.17500000 -0.07552740
8.18500000 -0.06914890
8.19500000 -0.06987900
8.20500000 -0.06514850
8.21500000 -0.06537600
8.22500000 -0.06777790
8.23500000 -0.06230730
8.24500000 -0.06460190
8.25500000 -0.06085850
8.26500000 -0.06180400
8.27500000 -0.05633780
8.28500000 -0.05790690
8.29500000 -0.05369180
8.30500000 -0.05079610
8.31500000 -0.04838850
8.32500000 -0.04762190
8.33500000 -0.04603710
8.34500000 -0.04171110
8.35500000 -0.04258110
8.36500000 -0.03965530
8.37500000 -0.04376400
8.38500000 -0.03182650
8.39500000 -0.03694970
8.40500000 -0.03214610
8.41500000 -0.03023410
8.42500000 -0.03453880
8.43500000 -0.02681910
8.44500000 -0.02857240
8.45500000 -0.02526280
8.46500000 -0.02674080
8.47500000 -0.02337550
8.48500000 -0.01947280
8.49500000 -0.01694940
8.50500000 -0.01581420
8.51500000 -0.02117250
8.52500000 -0.01408120
8.53500000 -0.01515550
8.54500000 -0.00833680
8.55500000 -0.00554250
8.56500000 -0.00806040
8.57500000 -0.01098110
8.58500000 -0.01002110
8.59500000 -0.00658940
8.60500000 -0.00394710
8.61500000 -0.00280310
8.62500000 -0.00060120
8.63500000 -0.00058200
8.64500000 0.00038770
8.65500000 0.01157460
8.66500000 0.00690390
8.67500000 0.00367750
8.68500000 -0.00040730
8.69500000 0.00762330
8.70500000 0.01007960
8.71500000 0.00600420
8.72500000 0.01149200
8.73500000 0.01200950
8.74500000 0.01998770
8.75500000 0.01745410
8.76500000 0.01594170
8.77500000 0.02119700
8.78500000 0.02257910
8.79500000 0.02476130
8.80500000 0.02116140
8.81500000 0.01618100
8.82500000 0.01772350
8.83500000 0.02127780
8.84500000 0.02690720
8.85500000 0.02381810
8.86500000 0.02629930
8.87500000 0.02469520
8.88500000 0.02725560
8.89500000 0.02740620
8.90500000 0.02888280
8.91500000 0.02892540
8.92500000 0.03140340
8.93500000 0.02948420
8.94500000 0.03118640
8.95500000 0.02666550
8.96500000 0.02943570
8.97500000 0.02977220
8.98500000 0.03254750
8.99500000 0.03299470
9.00500000 0.03290400
9.01500000 0.03399040
9.02500000 0.03402270
9.03500000 0.03456700
9.04500000 0.03257590
9.05500000 0.03731450
9.06500000 0.03220010
9.07500000 0.03576560
9.08500000 0.03206330
9.09500000 0.04018820
9.10500000 0.03682290
9.11500000 0.03702500
9.12500000 0.03297230
9.13500000 0.03719620
9.14500000 0.03707420
9.15500000 0.03937230
9.16500000 0.03776840
9.17500000 0.03529740
9.18500000 0.03542140
9.19500000 0.03675650
9.20500000 0.03626000
9.21500000 0.03505910
9.22500000 0.03687280
9.23500000 0.03918630
9.24500000 0.03670450
9.25500000 0.03621040
9.26500000 0.03593030
9.27500000 0.03972820
9.28500000 0.03332270
9.29500000 0.03140970
9.30500000 0.03589350
9.31500000 0.03870510
9.32500000 0.03887640
9.33500000 0.03418350
9.34500000 0.04207860
9.35500000 0.03680760
9.36500000 0.03692260
9.37500000 0.03646120
9.38500000 0.03755140
9.39500000 0.03449120
9.40500000 0.03415880
9.41500000 0.03675140
9.42500000 0.03580510
9.43500000 0.03458550
9.44500000 0.03288960
9.45500000 0.03487850
9.46500000 0.03136880
9.47500000 0.03835190
9.48500000 0.03057250
9.49500000 0.03092060
9.50500000 0.03404020
9.51500000 0.03615490
9.52500000 0.02894560
9.53500000 0.02662430
9.54500000 0.02621740
9.55500000 0.02941510
9.56500000 0.03022960
9.57500000 0.03119950
9.58500000 0.02971730
9.59500000 0.03057030
9.60500000 0.02745990
9.61500000 0.02626880
9.62500000 0.02459440
9.63500000 0.02781510
9.64500000 0.02446830
9.65500000 0.02484930
9.66500000 0.02285030
9.67500000 0.02725860
9.68500000 0.02526490
9.69500000 0.02484200
9.70500000 0.02437470
9.71500000 0.02477080
9.72500000 0.02716530
9.73500000 0.02110770
9.74500000 0.02489310
9.75500000 0.02176800
9.76500000 0.02295780
9.77500000 0.02273970
9.78500000 0.01932220
9.79500000 0.02021970
9.80500000 0.01838470
9.81500000 0.02372540
9.82500000 0.02277250
9.83500000 0.02022930
9.84500000 0.01672910
9.85500000 0.01788730
9.86500000 0.01312470
9.87500000 0.01407200
9.88500000 0.01715030
9.89500000 0.01804140
9.90500000 0.01960880
9.91500000 0.01651300
9.92500000 0.01085740
9.93500000 0.01074450
9.94500000 0.01175840
9.95500000 0.01234570
9.96500000 0.01313110
9.97500000 0.01363050
9.98500000 0.01387080
9.99500000 0.00910570
10.00500000 0.01359100
10.01500000 0.01253350
10.02500000 0.01088330
10.03500000 0.01100430
10.04500000 0.00848510
10.05500000 0.00782170
10.06500000 0.00858530
10.07500000 0.00953970
10.08500000 0.01124200
10.09500000 0.00910970
10.10500000 0.00703220
10.11500000 0.00762630
10.12500000 0.00605890
10.13500000 0.00850370
10.14500000 0.00672080
10.15500000 0.00922030
10.16500000 0.00305110
10.17500000 0.00176840
10.18500000 0.00516810
10.19500000 0.00768150
10.20500000 0.00393100
10.21500000 0.00208060
10.22500000 -0.00134470
10.23500000 0.00185180
10.24500000 0.00397990
10.25500000 0.00478510
10.26500000 -0.00310260
10.27500000 -0.00284070
10.28500000 0.00283100
10.29500000 0.00114680
10.30500000 -0.00024010
10.31500000 -0.00075030
10.32500000 -0.00514640
10.33500000 0.00147380
10.34500000 -0.00500060
10.35500000 -0.00194560
10.36500000 -0.00549820
10.37500000 0.00087240
10.38500000 -0.00471970
10.39500000 -0.00068910
10.40500000 -0.00244140
10.41500000 -0.00469150
10.42500000 -0.00754920
10.43500000 -0.00467120
10.44500000 -0.00494840
10.45500000 -0.00362820
10.46500000 -0.00272010
10.47500000 -0.00613110
10.48500000 -0.00868830
10.49500000 -0.00729030
10.50500000 -0.00696930
10.51500000 -0.00655740
10.52500000 -0.00780190
10.53500000 -0.00514370
10.54500000 -0.00909140
10.55500000 -0.00572280
10.56500000 -0.00831150
10.57500000 -0.00838400
10.58500000 -0.00795070
10.59500000 -0.00663830
10.60500000 -0.01074340
10.61500000 -0.00994290
10.62500000 -0.01021770
10.63500000 -0.01013640
10.64500000 -0.01020070
10.65500000 -0.00908630
10.66500000 -0.00781620
10.67500000 -0.00660440
10.68500000 -0.00997820
10.69500000 -0.01165340
10.70500000 -0.01220500
10.71500000 -0.01241210
10.72500000 -0.01364220
10.73500000 -0.01270590
10.74500000 -0.00730110
10.75500000 -0.00892260
10.76500000 -0.01420500
10.77500000 -0.01085350
10.78500000 -0.00996490
10.79500000 -0.00950040
10.80500000 -0.01306460
10.81500000 -0.01613310
10.82500000 -0.01026040
10.83500000 -0.01132020
10.84500000 -0.01076710
10.85500000 -0.00956930
10.86500000 -0.00909260
10.87500000 -0.00937250
10.88500000 -0.00906120
10.89500000 -0.00978030
10.90500000 -0.01237960
10.91500000 -0.01164050
10.92500000 -0.00837560
10.93500000 -0.01346890
10.94500000 -0.01301380
10.95500000 -0.00953080
10.96500000 -0.01527550
10.97500000 -0.01049480
10.98500000 -0.01285380
10.99500000 -0.01413450
11.00500000 -0.01396370
11.01500000 -0.01080130
11.02500000 -0.01341810
11.03500000 -0.00985040
11.04500000 -0.01131640
11.05500000 -0.01066930
11.06500000 -0.01335230
11.07500000 -0.01530380
11.08500000 -0.01191790
11.09500000 -0.00885380
11.10500000 -0.00981200
11.11500000 -0.01114080
11.12500000 -0.01311480
11.13500000 -0.01020240
11.14500000 -0.01038200
11.15500000 -0.01307970
11.16500000 -0.00837420
11.17500000 -0.01032620
11.18500000 -0.01091440
11.19500000 -0.01081520
11.20500000 -0.00979580
11.21500000 -0.00873200
11.22500000 -0.01076320
11.23500000 -0.01136650
11.24500000 -0.01395740
11.25500000 -0.00845480
11.26500000 -0.01085340
11.27500000 -0.01098350
11.28500000 -0.01375590
11.29500000 -0.00515910
11.30500000 -0.00824720
11.31500000 -0.00808110
11.32500000 -0.01267380
11.33500000 -0.00991670
11.34500000 -0.00873350
11.35500000 -0.01094910
11.36500000 -0.00995570
11.37500000 -0.00714740
11.38500000 -0.00834500
11.39500000 -0.00636420
11.40500000 -0.00594070
11.41500000 -0.00697580
11.42500000 -0.00717290
11.43500000 -0.00907470
11.44500000 -0.00615890
11.45500000 -0.01117730
11.46500000 -0.00476380
11.47500000 -0.00639040
11.48500000 -0.00577070
11.49500000 -0.00825980
11.50500000 -0.00779610
11.51500000 -0.00497130
11.52500000 -0.00753900
11.53500000 -0.00734250
11.54500000 -0.00873630
11.55500000 -0.00320960
11.56500000 -0.00743310
11.57500000 -0.00559800
11.58500000 -0.00549230
11.59500000 -0.00107830
11.60500000 -0.00342150
11.61500000 -0.00660730
11.62500000 -0.00833810
11.63500000 -0.00138760
11.64500000 -0.00469630
11.65500000 -0.00463910
11.66500000 -0.00660160
11.67500000 -0.00042900
11.68500000 -0.00154560
11.69500000 -0.00182400
11.70500000 -0.00306160
11.71500000 -0.00314620
11.72500000 -0.00242370
11.73500000 -0.00431940
11.74500000 -0.00270050
11.75500000 -0.00239520
11.76500000 -0.00364840
11.77500000 -0.00229740
11.78500000 -0.00151960
11.79500000 -0.00232460
11.80500000 -0.00122750
11.81500000 -0.00086320
11.82500000 -0.00041470
11.83500000 -0.00084550
11.84500000 0.00177040
11.85500000 0.00272560
11.86500000 0.00000120
11.87500000 0.00045180
11.88500000 0.00143090
11.89500000 0.00088000
11.90500000 0.00059610
11.91500000 0.00370770
11.92500000 0.00137400
11.93500000 0.00154140
11.94500000 -0.00003850
11.95500000 0.00160080
11.96500000 0.00243640
11.97500000 0.00293050
11.98500000 0.00282640
11.99500000 0.00480150
12.00500000 0.00557390
12.01500000 0.00502440
12.02500000 0.00176060
12.03500000 0.00072650
12.04500000 -0.00036540
12.05500000 0.00353170
12.06500000 0.00304450
12.07500000 0.00185600
12.08500000 0.00286660
12.09500000 0.00296750
12.10500000 0.00199550
12.11500000 0.00442050
12.12500000 0.00598610
12.13500000 0.00224680
12.14500000 0.00004450
12.15500000 0.00332130
12.16500000 0.00595110
12.17500000 0.00719110
12.18500000 0.00453590
12.19500000 0.00483100
12.20500000 0.00448120
12.21500000 0.00197650
12.22500000 0.00591300
12.23500000 0.00478350
12.24500000 0.00636460
12.25500000 0.00247390
12.26500000 0.00350180
12.27500000 0.00662970
12.28500000 0.00407050
12.29500000 0.00332070
12.30500000 0.00428000
12.31500000 0.00345710
12.32500000 0.00335930
12.33500000 0.00446720
12.34500000 0.00715480
12.35500000 0.00755050
12.36500000 0.00691550
12.37500000 0.00685330
12.38500000 0.00686600
12.39500000 0.00497450
12.40500000 0.00657860
12.41500000 0.00690790
12.42500000 0.00566250
12.43500000 0.00561080
12.44500000 0.00448720
12.45500000 0.00705610
12.46500000 0.00494810
12.47500000 0.00609680
12.48500000 0.00691960
12.49500000 0.01034890
12.50500000 0.00535850
12.51500000 0.00526460
12.52500000 0.00257010
12.53500000 0.00778820
12.54500000 0.00244290
12.55500000 0.00648010
12.56500000 0.00609350
12.57500000 0.00664570
12.58500000 0.00654880
12.59500000 0.00680940
12.60500000 0.00766340
12.61500000 0.00666530
12.62500000 0.00223060
12.63500000 0.00692590
12.64500000 0.00708090
12.65500000 0.00653860
12.66500000 0.00765740
12.67500000 0.00746240
12.68500000 0.00513610
12.69500000 0.00516020
12.70500000 0.00594770
12.71500000 0.00532300
12.72500000 0.00519140
12.73500000 0.00511040
12.74500000 0.00698870
12.75500000 0.00829320
12.76500000 0.00268080
12.77500000 0.00671470
12.78500000 0.00518620
12.79500000 0.00411000
12.80500000 0.00673800
12.81500000 0.00510910
12.82500000 0.00322880
12.83500000 0.00577730
12.84500000 0.00515980
12.85500000 0.00572010
12.86500000 0.00462450
12.87500000 0.00641400
12.88500000 0.00509760
12.89500000 0.00422430
12.90500000 0.00587840
12.91500000 0.00478010
12.92500000 0.00396300
12.93500000 0.00556270
12.94500000 0.00353170
12.95500000 0.00704540
12.96500000 0.00473600
12.97500000 0.00398460
12.98500000 0.00499190
12.99500000 0.00619040
13.00500000 0.00545080
13.01500000 0.00369230
13.02500000 0.00505160
13.03500000 0.00620390
13.04500000 0.00490120
13.05500000 0.00130960
13.06500000 0.00069060
13.07500000 0.00161870
13.08500000 0.00473250
13.09500000 0.00460660
13.10500000 0.00384320
13.11500000 0.00348200
13.12500000 0.00412430
13.13500000 0.00345580
13.14500000 0.00149250
13.15500000 0.00285330
13.16500000 0.00458930
13.17500000 0.00341550
13.18500000 0.00065430
13.19500000 0.00058770
13.20500000 0.00101680
13.21500000 0.00331410
13.22500000 0.00163170
13.23500000 0.00401090
13.24500000 -0.00164010
13.25500000 0.00329900
13.26500000 0.00160010
13.27500000 0.00147480
13.28500000 0.00001320
13.29500000 0.00240370
13.30500000 0.00402260
13.31500000 0.00055890
13.32500000 0.00048200
13.33500000 0.00243500
13.34500000 0.00231300
13.35500000 0.00319700
13.36500000 0.00258370
13.37500000 0.00353180
13.38500000 0.00027960
13.39500000 0.00082810
13.40500000 -0.00099250
13.41500000 0.00314160
13.42500000 -0.00090540
13.43500000 0.00134820
13.44500000 0.00119270
13.45500000 -0.00012250
13.46500000 -0.00082680
13.47500000 -0.00066160
13.48500000 -0.00028330
13.49500000 0.00078770
13.50500000 0.00122860
13.51500000 0.00068180
13.52500000 -0.00216130
13.53500000 -0.00052980
13.54500000 -0.00113450
13.55500000 0.00109290
13.56500000 -0.00354450
13.57500000 -0.00358760
13.58500000 -0.00069140
13.59500000 -0.00276390
13.60500000 -0.00055430
13.61500000 0.00029610
13.62500000 0.00140940
13.63500000 -0.00144130
13.64500000 0.00037720
13.65500000 -0.00495220
13.66500000 -0.00108580
13.67500000 -0.00167080
13.68500000 -0.00438910
13.69500000 -0.00195850
13.70500000 -0.00159030
13.71500000 -0.00260030
13.72500000 0.00022140
13.73500000 -0.00124220
13.74500000 -0.00057020
13.75500000 -0.00060180
13.76500000 -0.00002880
13.77500000 -0.00239450
13.78500000 -0.00295260
13.79500000 -0.00057020
13.80500000 -0.00234220
13.81500000 -0.00032780
13.82500000 -0.00071900
13.83500000 -0.00007200
13.84500000 -0.00138410
13.85500000 -0.00091580
13.86500000 -0.00375330
13.87500000 -0.00063840
13.88500000 0.00003610
13.89500000 0.00008790
13.90500000 -0.00406960
13.91500000 -0.00016170
13.92500000 0.00168470
13.93500000 -0.00290470
13.94500000 -0.00377650
13.95500000 -0.00172710
13.96500000 0.00006150
13.97500000 0.00007250
13.98500000 -0.00187330
13.99500000 -0.00232250
14.00500000 -0.00179030
14.01500000 -0.00424130
14.02500000 -0.00105670
14.03500000 -0.00326710
14.04500000 0.00097120
14.05500000 -0.00002120
14.06500000 -0.00055400
14.07500000 -0.00259550
14.08500000 -0.00268310
14.09500000 -0.00149930
14.10500000 -0.00003280
14.11500000 -0.00161170
14.12500000 -0.00222390
14.13500000 -0.00161570
14.14500000 -0.00114170
14.15500000 -0.00252290
14.16500000 -0.00370480
14.17500000 0.00040110
14.18500000 -0.00159960
14.19500000 -0.00060250
14.20500000 -0.00304470
14.21500000 0.00105890
14.22500000 -0.00200280
14.23500000 -0.00219780
14.24500000 -0.00265730
14.25500000 -0.00360760
14.26500000 -0.00190050
14.27500000 -0.00213390
14.28500000 -0.00216200
14.29500000 -0.00149760
14.30500000 0.00166110
14.31500000 0.00080730
14.32500000 -0.00140480
14.33500000 -0.00273290
14.34500000 -0.00230960
14.35500000 -0.00284150
14.36500000 -0.00165280
14.37500000 -0.00259710
14.38500000 -0.00343580
14.39500000 -0.00236840
14.40500000 -0.00215320
14.41500000 -0.00306440
14.42500000 -0.00177640
14.43500000 -0.00236550
14.44500000 -0.00378060
14.45500000 -0.00171360
14.46500000 -0.00039210
14.47500000 0.00052000
14.48500000 -0.00073200
14.49500000 -0.00250210
14.50500000 -0.00125590
14.51500000 0.00005880
14.52500000 -0.00206940
14.53500000 -0.00009960
14.54500000 -0.00399470
14.55500000 -0.00172680
14.56500000 -0.00113350
14.57500000 -0.00140400
14.58500000 0.00120440
14.59500000 0.00125780
14.60500000 -0.00213060
14.61500000 -0.00189800
14.62500000 -0.00246910
14.63500000 0.00176400
14.64500000 0.00092830
14.65500000 0.00152840
14.66500000 -0.00088640
14.67500000 -0.00067860
14.68500000 -0.00345040
14.69500000 0.00261720
14.70500000 0.00120040
14.71500000 0.00094930
14.72500000 -0.00155490
14.73500000 -0.00077240
14.74500000 -0.00058180
14.75500000 -0.00123190
14.76500000 0.00026720
14.77500000 0.00328980
14.78500000 0.00072860
14.79500000 0.00231450
14.80500000 -0.00123070
14.81500000 -0.00045030
14.82500000 -0.00055810
14.83500000 -0.00155600
14.84500000 -0.00025760
14.85500000 -0.00192700
14.86500000 0.00044920
14.87500000 0.00078580
14.88500000 0.00099820
14.89500000 -0.00275890
14.90500000 0.00152330
14.91500000 -0.00181790
14.92500000 -0.00225230
14.93500000 -0.00358540
14.94500000 0.00054040
14.95500000 -0.00017650
14.96500000 -0.00241130
14.97500000 0.00089130
14.98500000 0.00190660
14.99500000 0.00362760
