0.00500000 94.99963912
0.01500000 94.99675211
0.02500000 94.99097819
0.03500000 94.98231762
0.04500000 94.97077075
0.05500000 94.95633805
0.06500000 94.93902012
0.07500000 94.91881766
0.08500000 94.89573151
0.09500000 94.86976262
0.10500000 94.84091206
0.11500000 94.80918101
0.12500000 94.77457078
0.13500000 94.73708280
0.14500000 94.69671860
0.15500000 94.65347985
0.16500000 94.60736833
0.17500000 94.55838594
0.18500000 94.50653469
0.19500000 94.45181673
0.20500000 94.39423431
0.21500000 94.33378980
0.22500000 94.27048569
0.23500000 94.20432460
0.24500000 94.13530926
0.25500000 94.06344251
0.26500000 93.98872733
0.27500000 93.91116680
0.28500000 93.83076412
0.29500000 93.74752262
0.30500000 93.66144573
0.31500000 93.57253704
0.32500000 93.48080020
0.33500000 93.38623902
0.34500000 93.28885742
0.35500000 93.18865943
0.36500000 93.08564921
0.37500000 92.97983103
0.38500000 92.87120928
0.39500000 92.75978847
0.40500000 92.64557324
0.41500000 92.52856833
0.42500000 92.40877860
0.43500000 92.28620905
0.44500000 92.16086478
0.45500000 92.03275100
0.46500000 91.90187307
0.47500000 91.76823644
0.48500000 91.63184668
0.49500000 91.49270951
0.50500000 91.35083073
0.51500000 91.20621629
0.52500000 91.05887222
0.53500000 90.90880471
0.54500000 90.75602005
0.55500000 90.60052465
0.56500000 90.44232503
0.57500000 90.28142785
0.58500000 90.11783986
0.59500000 89.95156796
0.60500000 89.78261915
0.61500000 89.61100055
0.62500000 89.43671939
0.63500000 89.25978305
0.64500000 89.08019899
0.65500000 88.89797482
0.66500000 88.71311825
0.67500000 88.52563711
0.68500000 88.33553936
0.69500000 88.14283307
0.70500000 87.94752644
0.71500000 87.74962776
0.72500000 87.54914546
0.73500000 87.34608810
0.74500000 87.14046434
0.75500000 86.93228296
0.76500000 86.72155287
0.77500000 86.50828308
0.78500000 86.29248274
0.79500000 86.07416111
0.80500000 85.85332756
0.81500000 85.62999158
0.82500000 85.40416280
0.83500000 85.17585095
0.84500000 84.94506588
0.85500000 84.71181756
0.86500000 84.47611607
0.87500000 84.23797164
0.88500000 83.99739458
0.89500000 83.75439535
0.90500000 83.50898450
0.91500000 83.26117271
0.92500000 83.01097080
0.93500000 82.75838968
0.94500000 82.50344039
0.95500000 82.24613409
0.96500000 81.98648206
0.97500000 81.72449568
0.98500000 81.46018648
0.99500000 81.19356609
1.00500000 80.92464626
1.01500000 80.65343885
1.02500000 80.37995587
1.03500000 80.10420941
1.04500000 79.82621170
1.05500000 79.54597508
1.06500000 79.26351203
1.07500000 78.97883512
1.08500000 78.69195706
1.09500000 78.40289066
1.10500000 78.11164886
1.11500000 77.81824472
1.12500000 77.52269142
1.13500000 77.22500224
1.14500000 76.92519061
1.15500000 76.62327006
1.16500000 76.31925423
1.17500000 76.01315689
1.18500000 75.70499194
1.19500000 75.39477338
1.20500000 75.08251534
1.21500000 74.76823206
1.22500000 74.45193789
1.23500000 74.13364734
1.24500000 73.81337499
1.25500000 73.49113556
1.26500000 73.16694389
1.27500000 72.84081494
1.28500000 72.51276379
1.29500000 72.18280562
1.30500000 71.85095575
1.31500000 71.51722961
1.32500000 71.18164276
1.33500000 70.84421085
1.34500000 70.50494968
1.35500000 70.16387515
1.36500000 69.82100329
1.37500000 69.47635024
1.38500000 69.12993226
1.39500000 68.78176574
1.40500000 68.43186717
1.41500000 68.08025317
1.42500000 67.72694048
1.43500000 67.37194596
1.44500000 67.01528657
1.45500000 66.65697942
1.46500000 66.29704170
1.47500000 65.93549077
1.48500000 65.57234405
1.49500000 65.20761913
1.50500000 64.84133368
1.51500000 64.47350552
1.52500000 64.10415256
1.53500000 63.73329286
1.54500000 63.36094456
1.55500000 62.98712595
1.56500000 62.61185544
1.57500000 62.23515153
1.58500000 61.85703286
1.59500000 61.47751820
1.60500000 61.09662640
1.61500000 60.71437647
1.62500000 60.33078751
1.63500000 59.94587876
1.64500000 59.55966956
1.65500000 59.17217938
1.66500000 58.78342781
1.67500000 58.39343455
1.68500000 58.00221942
1.69500000 57.60980236
1.70500000 57.21620345
1.71500000 56.82144284
1.72500000 56.42554086
1.73500000 56.02851790
1.74500000 55.63039451
1.75500000 55.23119133
1.76500000 54.83092915
1.77500000 54.42962886
1.78500000 54.02731145
1.79500000 53.62399807
1.80500000 53.21970997
1.81500000 52.81446850
1.82500000 52.40829515
1.83500000 52.00121152
1.84500000 51.59323935
1.85500000 51.18440046
1.86500000 50.77471682
1.87500000 50.36421052
1.88500000 49.95290373
1.89500000 49.54081879
1.90500000 49.12797812
1.91500000 48.71440428
1.92500000 48.30011994
1.93500000 47.88514790
1.94500000 47.46951105
1.95500000 47.05323244
1.96500000 46.63633520
1.97500000 46.21884260
1.98500000 45.80077803
1.99500000 45.38216498
2.00500000 44.96302709
2.01500000 44.54338809
2.02500000 44.12327183
2.03500000 43.70270231
2.04500000 43.28170361
2.05500000 42.86029995
2.06500000 42.43851566
2.07500000 42.01637520
2.08500000 41.59390313
2.09500000 41.17112415
2.10500000 40.74806307
2.11500000 40.32474481
2.12500000 39.90119442
2.13500000 39.47743706
2.14500000 39.05349802
2.15500000 38.62940270
2.16500000 38.20517662
2.17500000 37.78084542
2.18500000 37.35643485
2.19500000 36.93197081
2.20500000 36.50747927
2.21500000 36.08298636
2.22500000 35.65851831
2.23500000 35.23410146
2.24500000 34.80976230
2.25500000 34.38552741
2.26500000 33.96142350
2.27500000 33.53747739
2.28500000 33.11371603
2.29500000 32.69016648
2.30500000 32.26685593
2.31500000 31.84381168
2.32500000 31.42106114
2.33500000 30.99863187
2.34500000 30.57655150
2.35500000 30.15484783
2.36500000 29.73354874
2.37500000 29.31268225
2.38500000 28.89227650
2.39500000 28.47235972
2.40500000 28.05296030
2.41500000 27.63410672
2.42500000 27.21582758
2.43500000 26.79815162
2.44500000 26.38110768
2.45500000 25.96472471
2.46500000 25.54903181
2.47500000 25.13405818
2.48500000 24.71983313
2.49500000 24.30638610
2.50500000 23.89374664
2.51500000 23.48194444
2.52500000 23.07100929
2.53500000 22.66097110
2.54500000 22.25185990
2.55500000 21.84370584
2.56500000 21.43653919
2.57500000 21.03039034
2.58500000 20.62528980
2.59500000 20.22126818
2.60500000 19.81835624
2.61500000 19.41658484
2.62500000 19.01598496
2.63500000 18.61658769
2.64500000 18.21842426
2.65500000 17.82152600
2.66500000 17.42592437
2.67500000 17.03165094
2.68500000 16.63873741
2.69500000 16.24721559
2.70500000 15.85711741
2.71500000 15.46847492
2.72500000 15.08132029
2.73500000 14.69568580
2.74500000 14.31160387
2.75500000 13.92910700
2.76500000 13.54822786
2.77500000 13.16899919
2.78500000 12.79145388
2.79500000 12.41562494
2.80500000 12.04154546
2.81500000 11.66924871
2.82500000 11.29876802
2.83500000 10.93013687
2.84500000 10.56338885
2.85500000 10.19855768
2.86500000 9.83567719
2.87500000 9.47478133
2.88500000 9.11590415
2.89500000 8.75907985
2.90500000 8.40434274
2.91500000 8.05172723
2.92500000 7.70126787
2.93500000 7.35299932
2.94500000 7.00695636
2.95500000 6.66317389
2.96500000 6.32168692
2.97500000 5.98253060
2.98500000 5.64574016
2.99500000 5.31135100
3.00500000 4.94161350
3.01500000 4.62393110
3.02500000 4.30665610
3.03500000 4.02019620
3.04500000 3.72380060
3.05500000 3.47175640
3.06500000 3.20988570
3.07500000 2.99705230
3.08500000 2.77010230
3.09500000 2.57026920
3.10500000 2.36416490
3.11500000 2.18524760
3.12500000 2.01873720
3.13500000 1.85667530
3.14500000 1.72517600
3.15500000 1.58495870
3.16500000 1.46108340
3.17500000 1.33317570
3.18500000 1.22663890
3.19500000 1.13570950
3.20500000 1.04587860
3.21500000 0.95096210
3.22500000 0.86455740
3.23500000 0.80145040
3.24500000 0.72587350
3.25500000 0.66486040
3.26500000 0.61028680
3.27500000 0.57830740
3.28500000 0.52962100
3.29500000 0.48319070
3.30500000 0.45112070
3.31500000 0.42175470
3.32500000 0.39428270
3.33500000 0.36451270
3.34500000 0.35483390
3.35500000 0.32489350
3.36500000 0.29980980
3.37500000 0.29828810
3.38500000 0.29269080
3.39500000 0.28780300
3.40500000 0.28018710
3.41500000 0.28842010
3.42500000 0.27430170
3.43500000 0.27584080
3.44500000 0.27734830
3.45500000 0.29380180
3.46500000 0.30679100
3.47500000 0.31799660
3.48500000 0.32173840
3.49500000 0.33593790
3.50500000 0.35744210
3.51500000 0.37264250
3.52500000 0.39056050
3.53500000 0.39269780
3.54500000 0.39804000
3.55500000 0.41261330
3.56500000 0.43075450
3.57500000 0.43727360
3.58500000 0.45262580
3.59500000 0.47207830
3.60500000 0.48465360
3.61500000 0.48479310
3.62500000 0.48292190
3.63500000 0.48344310
3.64500000 0.49120660
3.65500000 0.49377410
3.66500000 0.48176890
3.67500000 0.47935690
3.68500000 0.47695580
3.69500000 0.47655540
3.70500000 0.46823820
3.71500000 0.44575560
3.72500000 0.42805250
3.73500000 0.40439130
3.74500000 0.38606870
3.75500000 0.36889670
3.76500000 0.34355550
3.77500000 0.31292760
3.78500000 0.28549810
3.79500000 0.25487730
3.80500000 0.21047410
3.81500000 0.18045940
3.82500000 0.14379150
3.83500000 0.10193280
3.84500000 0.05086500
3.85500000 0.01991380
3.86500000 -0.02707750
3.87500000 -0.06189390
3.88500000 -0.11749990
3.89500000 -0.15965630
3.90500000 -0.21385060
3.91500000 -0.25508100
3.92500000 -0.30073190
3.93500000 -0.34340850
3.94500000 -0.39356800
3.95500000 -0.44608290
3.96500000 -0.49002350
3.97500000 -0.53167150
3.98500000 -0.56717970
3.99500000 -0.61308780
4.00500000 -0.65528700
4.01500000 -0.69953700
4.02500000 -0.73172930
4.03500000 -0.77451870
4.04500000 -0.81601520
4.05500000 -0.85361290
4.06500000 -0.87701590
4.07500000 -0.91789860
4.08500000 -0.95166150
4.09500000 -0.98245750
4.10500000 -1.00824210
4.11500000 -1.04073740
4.12500000 -1.06576640
4.13500000 -1.08806270
4.14500000 -1.11345400
4.15500000 -1.14150600
4.16500000 -1.15733330
4.17500000 -1.18287250
4.18500000 -1.20281190
4.19500000 -1.22491600
4.20500000 -1.23641860
4.21500000 -1.25739110
4.22500000 -1.27626750
4.23500000 -1.29225970
4.24500000 -1.30665230
4.25500000 -1.31709720
4.26500000 -1.33093410
4.27500000 -1.34056040
4.28500000 -1.35526870
4.29500000 -1.36488460
4.30500000 -1.37726540
4.31500000 -1.39183900
4.32500000 -1.39717000
4.33500000 -1.40438770
4.34500000 -1.40897530
4.35500000 -1.41587560
4.36500000 -1.42053700
4.37500000 -1.42659160
4.38500000 -1.42793150
4.39500000 -1.43482830
4.40500000 -1.44023280
4.41500000 -1.44185950
4.42500000 -1.44500800
4.43500000 -1.44552690
4.44500000 -1.44899270
4.45500000 -1.44460840
4.46500000 -1.45619130
4.47500000 -1.45019870
4.48500000 -1.45581510
4.49500000 -1.45409500
4.50500000 -1.45631030
4.51500000 -1.44880290
4.52500000 -1.45030980
4.53500000 -1.44994890
4.54500000 -1.44451740
4.55500000 -1.44663420
4.56500000 -1.43914710
4.57500000 -1.43315740
4.58500000 -1.43068120
4.59500000 -1.42804040
4.60500000 -1.42083510
4.61500000 -1.41710900
4.62500000 -1.41385270
4.63500000 -1.40247780
4.64500000 -1.39575190
4.65500000 -1.39394270
4.66500000 -1.38414030
4.67500000 -1.37627940
4.68500000 -1.37014710
4.69500000 -1.36431060
4.70500000 -1.35245830
4.71500000 -1.34100840
4.72500000 -1.33370720
4.73500000 -1.32562380
4.74500000 -1.31601560
4.75500000 -1.30448790
4.76500000 -1.29053100
4.77500000 -1.27759190
4.78500000 -1.26999140
4.79500000 -1.26191220
4.80500000 -1.25281880
4.81500000 -1.23839070
4.82500000 -1.22161070
4.83500000 -1.20979840
4.84500000 -1.19522780
4.85500000 -1.18099660
4.86500000 -1.16707210
4.87500000 -1.15286990
4.88500000 -1.13845270
4.89500000 -1.12025110
4.90500000 -1.11139350
4.91500000 -1.08991730
4.92500000 -1.08264180
4.93500000 -1.06516360
4.94500000 -1.05075150
4.95500000 -1.02793970
4.96500000 -1.01851210
4.97500000 -1.00063630
4.98500000 -0.98185320
4.99500000 -0.96321470
5.00500000 -0.94885790
5.01500000 -0.93149830
5.02500000 -0.91960850
5.03500000 -0.90170170
5.04500000 -0.88175790
5.05500000 -0.86216350
5.06500000 -0.84751330
5.07500000 -0.83443150
5.08500000 -0.81668370
5.09500000 -0.79527100
5.10500000 -0.78005730
5.11500000 -0.76588870
5.12500000 -0.74950880
5.13500000 -0.72614240
5.14500000 -0.71364850
5.15500000 -0.69827240
5.16500000 -0.68030700
5.17500000 -0.65809370
5.18500000 -0.64632600
5.19500000 -0.62981500
5.20500000 -0.62134950
5.21500000 -0.59924570
5.22500000 -0.58100140
5.23500000 -0.56101580
5.24500000 -0.55051500
5.25500000 -0.53315170
5.26500000 -0.51682130
5.27500000 -0.49890740
5.28500000 -0.48619110
5.29500000 -0.47341980
5.30500000 -0.46162680
5.31500000 -0.44454210
5.32500000 -0.42867660
5.33500000 -0.41261810
5.34500000 -0.40166260
5.35500000 -0.39008240
5.36500000 -0.36952060
5.37500000 -0.35923770
5.38500000 -0.34424400
5.39500000 -0.33058050
5.40500000 -0.31607010
5.41500000 -0.30708940
5.42500000 -0.29947820
5.43500000 -0.28091360
5.44500000 -0.27012540
5.45500000 -0.25347800
5.46500000 -0.24685030
5.47500000 -0.23299580
5.48500000 -0.22119940
5.49500000 -0.20997040
5.50500000 -0.20192010
5.51500000 -0.18989280
5.52500000 -0.17717030
5.53500000 -0.16627350
5.54500000 -0.15968910
5.55500000 -0.15032940
5.56500000 -0.13701510
5.57500000 -0.12673050
5.58500000 -0.11726600
5.59500000 -0.11041580
5.60500000 -0.10018690
5.61500000 -0.09349880
5.62500000 -0.08713540
5.63500000 -0.07115830
5.64500000 -0.06614440
5.65500000 -0.05525020
5.66500000 -0.05125220
5.67500000 -0.03718910
5.68500000 -0.03320180
5.69500000 -0.02564490
5.70500000 -0.01603950
5.71500000 -0.00831800
5.72500000 -0.00181470
5.73500000 0.00590350
5.74500000 0.01772390
5.75500000 0.02180900
5.76500000 0.02273070
5.77500000 0.03310740
5.78500000 0.04038000
5.79500000 0.04632010
5.80500000 0.05311920
5.81500000 0.06069600
5.82500000 0.06380550
5.83500000 0.07344200
5.84500000 0.08003360
5.85500000 0.08756000
5.86500000 0.08696970
5.87500000 0.09340640
5.88500000 0.10604920
5.89500000 0.11283890
5.90500000 0.11422080
5.91500000 0.11899670
5.92500000 0.12802000
5.93500000 0.13539250
5.94500000 0.13705480
5.95500000 0.14839620
5.96500000 0.15298380
5.97500000 0.15430440
5.98500000 0.15565730
5.99500000 0.16597390
6.00500000 0.16781290
6.01500000 0.17354250
6.02500000 0.17903280
6.03500000 0.18154290
6.04500000 0.17917070
6.05500000 0.18841090
6.06500000 0.19806830
6.07500000 0.20306130
6.08500000 0.20141050
6.09500000 0.20303450
6.10500000 0.20592310
6.11500000 0.21621270
6.12500000 0.21955910
6.13500000 0.22250940
6.14500000 0.22400800
6.15500000 0.23077470
6.16500000 0.23302750
6.17500000 0.23075390
6.18500000 0.23554070
6.19500000 0.23952210
6.20500000 0.24031670
6.21500000 0.23974640
6.22500000 0.24179520
6.23500000 0.24505730
6.24500000 0.24218230
6.25500000 0.24940260
6.26500000 0.25353190
6.27500000 0.25358170
6.28500000 0.24733950
6.29500000 0.25075680
6.30500000 0.25221950
6.31500000 0.25636100
6.32500000 0.25656080
6.33500000 0.25561740
6.34500000 0.25001350
6.35500000 0.24744730
6.36500000 0.24678700
6.37500000 0.24769050
6.38500000 0.24530420
6.39500000 0.25060790
6.40500000 0.24375080
6.41500000 0.24617380
6.42500000 0.23283980
6.43500000 0.23452050
6.44500000 0.22634890
6.45500000 0.23096460
6.46500000 0.22589500
6.47500000 0.23104340
6.48500000 0.22066180
6.49500000 0.21395380
6.50500000 0.21043630
6.51500000 0.21586360
6.52500000 0.20869640
6.53500000 0.20161720
6.54500000 0.19734760
6.55500000 0.19728110
6.56500000 0.19444510
6.57500000 0.19137390
6.58500000 0.18273770
6.59500000 0.17649520
6.60500000 0.17331100
6.61500000 0.16941460
6.62500000 0.16400980
6.63500000 0.15933350
6.64500000 0.15793270
6.65500000 0.15442070
6.66500000 0.15180010
6.67500000 0.14656760
6.68500000 0.13860140
6.69500000 0.13282680
6.70500000 0.13280820
6.71500000 0.12650870
6.72500000 0.11875860
6.73500000 0.11180240
6.74500000 0.11132590
6.75500000 0.10031130
6.76500000 0.09634130
6.77500000 0.09167090
6.78500000 0.09040880
6.79500000 0.08456640
6.80500000 0.07708520
6.81500000 0.07244650
6.82500000 0.06388120
6.83500000 0.06260900
6.84500000 0.06224900
6.85500000 0.06297430
6.86500000 0.04883330
6.87500000 0.04532670
6.88500000 0.03635010
6.89500000 0.03676420
6.90500000 0.03213640
6.91500000 0.02991940
6.92500000 0.02066880
6.93500000 0.01736570
6.94500000 0.01650680
6.95500000 0.01291870
6.96500000 0.00889920
6.97500000 0.00231010
6.98500000 -0.00207200
6.99500000 -0.00415600
7.00500000 -0.00581030
7.01500000 -0.00953170
7.02500000 -0.01587220
7.03500000 -0.01975590
7.04500000 -0.02191490
7.05500000 -0.02076720
7.06500000 -0.02770770
7.07500000 -0.03523190
7.08500000 -0.03998640
7.09500000 -0.03859370
7.10500000 -0.03722140
7.11500000 -0.04155530
7.12500000 -0.04418990
7.13500000 -0.05156530
7.14500000 -0.05050180
7.15500000 -0.04916820
7.16500000 -0.05388880
7.17500000 -0.05746410
7.18500000 -0.06051580
7.19500000 -0.05695990
7.20500000 -0.06708970
7.21500000 -0.06490250
7.22500000 -0.06436750
7.23500000 -0.06514420
7.24500000 -0.07531410
7.25500000 -0.07478250
7.26500000 -0.07970280
7.27500000 -0.07816310
7.28500000 -0.08082710
7.29500000 -0.07798850
7.30500000 -0.08523500
7.31500000 -0.08571200
7.32500000 -0.08550680
7.33500000 -0.08513710
7.34500000 -0.08930690
7.35500000 -0.09007930
7.36500000 -0.09222230
7.37500000 -0.09038430
7.38500000 -0.09199470
7.39500000 -0.09539410
7.40500000 -0.09917830
7.41500000 -0.09468880
7.42500000 -0.09731140
7.43500000 -0.09928360
7.44500000 -0.10203840
7.45500000 -0.10064580
7.46500000 -0.10255570
7.47500000 -0.10168670
7.48500000 -0.10220540
7.49500000 -0.10703210
7.50500000 -0.10661430
7.51500000 -0.10511880
7.52500000 -0.10524370
7.53500000 -0.10838540
7.54500000 -0.10555270
7.55500000 -0.10503110
7.56500000 -0.10098720
7.57500000 -0.10662950
7.58500000 -0.10985670
7.59500000 -0.11035070
7.60500000 -0.10542270
7.61500000 -0.10537400
7.62500000 -0.10714650
7.63500000 -0.10878410
7.64500000 -0.10833060
7.65500000 -0.10697430
7.66500000 -0.10611180
7.67500000 -0.10763850
7.68500000 -0.10961490
7.69500000 -0.11179940
7.70500000 -0.10949930
7.71500000 -0.10921240
7.72500000 -0.10743670
7.73500000 -0.10565190
7.74500000 -0.10244520
7.75500000 -0.10292270
7.76500000 -0.10750970
7.77500000 -0.10545300
7.78500000 -0.10651470
7.79500000 -0.10263830
7.80500000 -0.10368060
7.81500000 -0.10225480
7.82500000 -0.10438530
7.83500000 -0.10108040
7.84500000 -0.10041190
7.85500000 -0.09947700
7.86500000 -0.10209850
7.87500000 -0.10385740
7.88500000 -0.09939650
7.89500000 -0.09506130
7.90500000 -0.09516190
7.91500000 -0.09793720
7.92500000 -0.09596230
7.93500000 -0.09425640
7.94500000 -0.09516050
7.95500000 -0.09178640
7.96500000 -0.09066130
7.97500000 -0.08687240
7.98500000 -0.08807330
7.99500000 -0.08788460
8.00500000 -0.08604510
8.01500000 -0.08466560
8.02500000 -0.08514950
8.03500000 -0.08388330
8.04500000 -0.08438210
8.05500000 -0.08290670
8.06500000 -0.08120690
8.07500000 -0.07382400
8.08500000 -0.07633170
8.09500000 -0.07380560
8.10500000 -0.07610970
8.11500000 -0.07268460
8.12500000 -0.07227870
8.13500000 -0.06782170
8.14500000 -0.06812210
8.15500000 -0.06702270
8.16500000 -0.06770290
8.17500000 -0.06268600
8.18500000 -0.06125640
8.19500000 -0.05697360
8.20500000 -0.06009680
8.21500000 -0.05791240
8.22500000 -0.05835690
8.23500000 -0.05189000
8.24500000 -0.05110520
8.25500000 -0.04940870
8.26500000 -0.04880060
8.27500000 -0.04844240
8.28500000 -0.04359450
8.29500000 -0.04458360
8.30500000 -0.03838140
8.31500000 -0.03756020
8.32500000 -0.03887470
8.33500000 -0.04209160
8.34500000 -0.03622310
8.35500000 -0.03550180
8.36500000 -0.02984520
8.37500000 -0.03174230
8.38500000 -0.02679520
8.39500000 -0.02571930
8.40500000 -0.02514090
8.41500000 -0.02546200
8.42500000 -0.02555070
8.43500000 -0.02221190
8.44500000 -0.02312230
8.45500000 -0.02145170
8.46500000 -0.02049550
8.47500000 -0.01711320
8.48500000 -0.01461550
8.49500000 -0.01645750
8.50500000 -0.01260290
8.51500000 -0.01190100
8.52500000 -0.00949470
8.53500000 -0.00799900
8.54500000 -0.00734690
8.55500000 -0.00720540
8.56500000 -0.00547760
8.57500000 -0.00313340
8.58500000 -0.00427370
8.59500000 -0.00181410
8.60500000 0.00282940
8.61500000 0.00391000
8.62500000 0.00225370
8.63500000 0.00405000
8.64500000 0.00304490
8.65500000 0.00318720
8.66500000 0.00270460
8.67500000 0.01054000
8.68500000 0.00891400
8.69500000 0.01067710
8.70500000 0.01001440
8.71500000 0.01399610
8.72500000 0.00940820
8.73500000 0.01502620
8.74500000 0.01772200
8.75500000 0.01897010
8.76500000 0.01463160
8.77500000 0.01883950
8.78500000 0.01623700
8.79500000 0.01827090
8.80500000 0.02026870
8.81500000 0.02058160
8.82500000 0.01708400
8.83500000 0.02046890
8.84500000 0.02189430
8.85500000 0.02229700
8.86500000 0.02473840
8.87500000 0.02591730
8.88500000 0.02417930
8.89500000 0.02335120
8.90500000 0.02629200
8.91500000 0.03108760
8.92500000 0.02857240
8.93500000 0.02703950
8.94500000 0.02298000
8.95500000 0.02488740
8.96500000 0.02838850
8.97500000 0.03057940
8.98500000 0.02986000
8.99500000 0.03137990
9.00500000 0.03116710
9.01500000 0.03434460
9.02500000 0.02868550
9.03500000 0.02904110
9.04500000 0.02849230
9.05500000 0.03403440
9.06500000 0.02989710
9.07500000 0.03056420
9.08500000 0.03293400
9.09500000 0.03327170
9.10500000 0.03283590
9.11500000 0.03250390
9.12500000 0.03222710
9.13500000 0.03139730
9.14500000 0.03066610
9.15500000 0.03386730
9.16500000 0.03311170
9.17500000 0.03383350
9.18500000 0.03163210
9.19500000 0.03364700
9.20500000 0.03319980
9.21500000 0.03098730
9.22500000 0.03001060
9.23500000 0.03054920
9.24500000 0.03288580
9.25500000 0.03242170
9.26500000 0.03172110
9.27500000 0.02907320
9.28500000 0.02987080
9.29500000 0.02845250
9.30500000 0.02885330
9.31500000 0.02984780
9.32500000 0.03100460
9.33500000 0.03016550
9.34500000 0.02900260
9.35500000 0.02904080
9.36500000 0.02958920
9.37500000 0.02899470
9.38500000 0.02903160
9.39500000 0.02674690
9.40500000 0.02640800
9.41500000 0.02842040
9.42500000 0.02975740
9.43500000 0.02970800
9.44500000 0.02671180
9.45500000 0.02918680
9.46500000 0.02883900
9.47500000 0.02782650
9.48500000 0.02665840
9.49500000 0.02623220
9.50500000 0.02579870
9.51500000 0.02686410
9.52500000 0.02609850
9.53500000 0.02234370
9.54500000 0.02131100
9.55500000 0.02465610
9.56500000 0.02442760
9.57500000 0.02336840
9.58500000 0.02391240
9.59500000 0.02578160
9.60500000 0.02190950
9.61500000 0.02170940
9.62500000 0.02164530
9.63500000 0.02301050
9.64500000 0.01981170
9.65500000 0.01751800
9.66500000 0.02097740
9.67500000 0.01996680
9.68500000 0.02248950
9.69500000 0.01887530
9.70500000 0.01990550
9.71500000 0.01484510
9.72500000 0.01736690
9.73500000 0.01727310
9.74500000 0.01947100
9.75500000 0.01564320
9.76500000 0.01578230
9.77500000 0.01524960
9.78500000 0.01662710
9.79500000 0.01520480
9.80500000 0.01561320
9.81500000 0.01469160
9.82500000 0.01630240
9.83500000 0.01555740
9.84500000 0.01298280
9.85500000 0.00941040
9.86500000 0.01324170
9.87500000 0.01271760
9.88500000 0.01298170
9.89500000 0.01442250
9.90500000 0.01259490
9.91500000 0.00688000
9.92500000 0.00560180
9.93500000 0.01009350
9.94500000 0.01061260
9.95500000 0.01078730
9.96500000 0.00683210
9.97500000 0.00936800
9.98500000 0.00641670
9.99500000 0.00951030
10.00500000 0.00736780
10.01500000 0.00808260
10.02500000 0.00627800
10.03500000 0.00707830
10.04500000 0.00386130
10.05500000 0.00431220
10.06500000 0.00936950
10.07500000 0.00833560
10.08500000 0.00158620
10.09500000 0.00279360
10.10500000 0.00460040
10.11500000 0.00475540
10.12500000 0.00313010
10.13500000 0.00631800
10.14500000 0.00515050
10.15500000 0.00522550
10.16500000 0.00076620
10.17500000 -0.00031210
10.18500000 -0.00052800
10.19500000 0.00344460
10.20500000 0.00092020
10.21500000 0.00111020
10.22500000 0.00074890
10.23500000 0.00285260
10.24500000 -0.00162620
10.25500000 0.00045140
10.26500000 -0.00109510
10.27500000 0.00143520
10.28500000 -0.00068870
10.29500000 -0.00042670
10.30500000 -0.00081820
10.31500000 0.00057230
10.32500000 -0.00233790
10.33500000 -0.00277710
10.34500000 -0.00314410
10.35500000 -0.00038310
10.36500000 -0.00330670
10.37500000 -0.00034000
10.38500000 -0.00264610
10.39500000 -0.00200670
10.40500000 -0.00336730
10.41500000 -0.00336790
10.42500000 -0.00621850
10.43500000 -0.00583730
10.44500000 -0.00469850
10.45500000 -0.00460850
10.46500000 -0.00444060
10.47500000 -0.00579520
10.48500000 -0.00712040
10.49500000 -0.00743410
10.50500000 -0.00661430
10.51500000 -0.00665950
10.52500000 -0.00704780
10.53500000 -0.00535290
10.54500000 -0.00488010
10.55500000 -0.00455020
10.56500000 -0.01001200
10.57500000 -0.00798220
10.58500000 -0.00526660
10.59500000 -0.00470910
10.60500000 -0.00636320
10.61500000 -0.00541100
10.62500000 -0.00519440
10.63500000 -0.00748830
10.64500000 -0.00761770
10.65500000 -0.00816660
10.66500000 -0.00980010
10.67500000 -0.00988950
10.68500000 -0.00809700
10.69500000 -0.00870790
10.70500000 -0.00898580
10.71500000 -0.01047670
10.72500000 -0.01168710
10.73500000 -0.01155560
10.74500000 -0.00907190
10.75500000 -0.00653290
10.76500000 -0.00914960
10.77500000 -0.00662270
10.78500000 -0.00770760
10.79500000 -0.00632400
10.80500000 -0.00756570
10.81500000 -0.00694010
10.82500000 -0.00913390
10.83500000 -0.00890770
10.84500000 -0.00995650
10.85500000 -0.00975730
10.86500000 -0.00840880
10.87500000 -0.00768660
10.88500000 -0.00987570
10.89500000 -0.00832670
10.90500000 -0.00873430
10.91500000 -0.00454480
10.92500000 -0.00685740
10.93500000 -0.00729400
10.94500000 -0.00997430
10.95500000 -0.00831170
10.96500000 -0.00865920
10.97500000 -0.00899450
10.98500000 -0.00965860
10.99500000 -0.00929970
11.00500000 -0.01025390
11.01500000 -0.01115530
11.02500000 -0.00980660
11.03500000 -0.00839560
11.04500000 -0.00952410
11.05500000 -0.00938010
11.06500000 -0.00801680
11.07500000 -0.00980600
11.08500000 -0.01067130
11.09500000 -0.00971390
11.10500000 -0.00768330
11.11500000 -0.00872150
11.12500000 -0.00960820
11.13500000 -0.00813510
11.14500000 -0.00792940
11.15500000 -0.00824760
11.16500000 -0.00797980
11.17500000 -0.00546340
11.18500000 -0.00827040
11.19500000 -0.00874270
11.20500000 -0.01081000
11.21500000 -0.00710480
11.22500000 -0.00920390
11.23500000 -0.00836640
11.24500000 -0.01195830
11.25500000 -0.00948370
11.26500000 -0.00621510
11.27500000 -0.00378200
11.28500000 -0.00536270
11.29500000 -0.00712260
11.30500000 -0.00676320
11.31500000 -0.00577730
11.32500000 -0.00522050
11.33500000 -0.00473710
11.34500000 -0.00708730
11.35500000 -0.00856320
11.36500000 -0.00689060
11.37500000 -0.00613440
11.38500000 -0.00647640
11.39500000 -0.00690570
11.40500000 -0.00586530
11.41500000 -0.00419020
11.42500000 -0.00327300
11.43500000 -0.00542790
11.44500000 -0.00495980
11.45500000 -0.00518790
11.46500000 -0.00594970
11.47500000 -0.00593870
11.48500000 -0.00430690
11.49500000 -0.00401380
11.50500000 -0.00363020
11.51500000 -0.00407110
11.52500000 -0.00362470
11.53500000 -0.00626380
11.54500000 -0.00893470
11.55500000 -0.00588170
11.56500000 -0.00580740
11.57500000 -0.00260900
11.58500000 -0.00534300
11.59500000 -0.00339260
11.60500000 -0.00464180
11.61500000 -0.00364620
11.62500000 -0.00549920
11.63500000 -0.00248320
11.64500000 -0.00114850
11.65500000 -0.00247900
11.66500000 -0.00429170
11.67500000 -0.00157670
11.68500000 -0.00293640
11.69500000 -0.00063640
11.70500000 -0.00208240
11.71500000 -0.00041850
11.72500000 -0.00478880
11.73500000 -0.00493060
11.74500000 -0.00345170
11.75500000 0.00085050
11.76500000 0.00122530
11.77500000 -0.00242230
11.78500000 -0.00272620
11.79500000 -0.00281940
11.80500000 -0.00086020
11.81500000 0.00004850
11.82500000 -0.00220150
11.83500000 -0.00058040
11.84500000 0.00032670
11.85500000 0.00029580
11.86500000 -0.00073860
11.87500000 -0.00171520
11.88500000 -0.00140480
11.89500000 0.00003650
11.90500000 0.00074080
11.91500000 -0.00085690
11.92500000 -0.00020570
11.93500000 0.00340080
11.94500000 -0.00031520
11.95500000 -0.00051310
11.96500000 -0.00163220
11.97500000 0.00245280
11.98500000 0.00044260
11.99500000 0.00145110
12.00500000 -0.00054700
12.01500000 0.00212080
12.02500000 0.00218620
12.03500000 0.00119780
12.04500000 -0.00043480
12.05500000 0.00189070
12.06500000 0.00091110
12.07500000 0.00153550
12.08500000 0.00167060
12.09500000 0.00226120
12.10500000 0.00219580
12.11500000 0.00262600
12.12500000 0.00321370
12.13500000 0.00214790
12.14500000 0.00165960
12.15500000 0.00295440
12.16500000 0.00204270
12.17500000 0.00308210
12.18500000 0.00190250
12.19500000 0.00378170
12.20500000 0.00244340
12.21500000 0.00388300
12.22500000 0.00419930
12.23500000 0.00186050
12.24500000 0.00122300
12.25500000 0.00367780
12.26500000 0.00613960
12.27500000 0.00370510
12.28500000 0.00288040
12.29500000 0.00339170
12.30500000 0.00273320
12.31500000 0.00335000
12.32500000 0.00236350
12.33500000 0.00372550
12.34500000 0.00390330
12.35500000 0.00472220
12.36500000 0.00477310
12.37500000 0.00542540
12.38500000 0.00534420
12.39500000 0.00682300
12.40500000 0.00422230
12.41500000 0.00520710
12.42500000 0.00373740
12.43500000 0.00326460
12.44500000 -0.00012580
12.45500000 0.00231060
12.46500000 0.00185000
12.47500000 0.00364670
12.48500000 0.00436700
12.49500000 0.00445060
12.50500000 0.00400530
12.51500000 0.00511090
12.52500000 0.00486560
12.53500000 0.00730430
12.54500000 0.00350880
12.55500000 0.00278040
12.56500000 0.00207340
12.57500000 0.00680740
12.58500000 0.00588600
12.59500000 0.00448490
12.60500000 0.00587960
12.61500000 0.00589060
12.62500000 0.00429680
12.63500000 0.00373000
12.64500000 0.00425470
12.65500000 0.00503510
12.66500000 0.00364170
12.67500000 0.00419870
12.68500000 0.00342170
12.69500000 0.00363400
12.70500000 0.00501450
12.71500000 0.00620460
12.72500000 0.00402870
12.73500000 0.00468490
12.74500000 0.00630810
12.75500000 0.00735580
12.76500000 0.00166110
12.77500000 0.00546870
12.78500000 0.00726100
12.79500000 0.00494440
12.80500000 0.00238810
12.81500000 0.00430200
12.82500000 0.00486040
12.83500000 0.00291630
12.84500000 0.00434320
12.85500000 0.00225220
12.86500000 0.00286440
12.87500000 0.00439170
12.88500000 0.00404770
12.89500000 0.00149370
12.90500000 0.00294310
12.91500000 0.00570330
12.92500000 0.00684240
12.93500000 0.00524260
12.94500000 0.00307600
12.95500000 0.00434830
12.96500000 0.00250590
12.97500000 0.00224010
12.98500000 0.00248080
12.99500000 0.00355430
13.00500000 0.00058770
13.01500000 0.00080120
13.02500000 0.00068000
13.03500000 0.00286790
13.04500000 0.00175960
13.05500000 0.00089770
13.06500000 0.00127780
13.07500000 0.00285140
13.08500000 0.00430840
13.09500000 0.00452500
13.10500000 0.00181460
13.11500000 0.00295760
13.12500000 0.00305250
13.13500000 0.00246810
13.14500000 0.00084100
13.15500000 0.00159830
13.16500000 0.00326550
13.17500000 0.00254380
13.18500000 0.00236290
13.19500000 0.00055520
13.20500000 0.00218370
13.21500000 0.00131760
13.22500000 0.00208520
13.23500000 0.00146770
13.24500000 -0.00019830
13.25500000 0.00082730
13.26500000 -0.00117810
13.27500000 0.00157460
13.28500000 0.00214050
13.29500000 0.00533000
13.30500000 0.00111310
13.31500000 0.00069640
13.32500000 0.00033400
13.33500000 0.00266870
13.34500000 0.00082400
13.35500000 0.00132760
13.36500000 -0.00020630
13.37500000 0.00181470
13.38500000 0.00068170
13.39500000 0.00075320
13.40500000 -0.00100480
13.41500000 0.00110830
13.42500000 0.00047650
13.43500000 0.00060210
13.44500000 0.00135520
13.45500000 0.00100500
13.46500000 -0.00089340
13.47500000 0.00017190
13.48500000 -0.00091340
13.49500000 -0.00039930
13.50500000 -0.00281840
13.51500000 0.00005330
13.52500000 0.00026630
13.53500000 0.00237850
13.54500000 -0.00014820
13.55500000 -0.00207360
13.56500000 -0.00207160
13.57500000 -0.00044060
13.58500000 0.00115050
13.59500000 0.00074980
13.60500000 -0.00061390
13.61500000 -0.00064840
13.62500000 0.00016090
13.63500000 -0.00172900
13.64500000 -0.00322490
13.65500000 -0.00208660
13.66500000 -0.00042190
13.67500000 -0.00156890
13.68500000 -0.00166260
13.69500000 -0.00175230
13.70500000 -0.00117000
13.71500000 -0.00043780
13.72500000 -0.00122340
13.73500000 -0.00180370
13.74500000 -0.00031860
13.75500000 0.00036790
13.76500000 -0.00217080
13.77500000 -0.00321250
13.78500000 -0.00291710
13.79500000 -0.00173750
13.80500000 -0.00321570
13.81500000 -0.00223920
13.82500000 -0.00271260
13.83500000 -0.00220680
13.84500000 -0.00203550
13.85500000 -0.00065680
13.86500000 -0.00107610
13.87500000 -0.00160150
13.88500000 -0.00118820
13.89500000 -0.00048250
13.90500000 -0.00223480
13.91500000 -0.00005110
13.92500000 0.00033540
13.93500000 -0.00119480
13.94500000 -0.00432930
13.95500000 -0.00314870
13.96500000 -0.00120920
13.97500000 -0.00111600
13.98500000 -0.00478700
13.99500000 -0.00403690
14.00500000 -0.00122760
14.01500000 0.00003580
14.02500000 -0.00237200
14.03500000 -0.00264130
14.04500000 -0.00159770
14.05500000 -0.00038350
14.06500000 -0.00168790
14.07500000 -0.00331280
14.08500000 -0.00447540
14.09500000 -0.00416950
14.10500000 -0.00150580
14.11500000 -0.00085450
14.12500000 -0.00045880
14.13500000 -0.00184430
14.14500000 -0.00272340
14.15500000 -0.00259580
14.16500000 -0.00228360
14.17500000 -0.00133200
14.18500000 -0.00268350
14.19500000 -0.00321490
14.20500000 -0.00231610
14.21500000 -0.00067430
14.22500000 0.00001700
14.23500000 -0.00159520
14.24500000 -0.00258920
14.25500000 -0.00082110
14.26500000 -0.00033560
14.27500000 -0.00353540
14.28500000 -0.00222080
14.29500000 -0.00120790
14.30500000 -0.00182260
14.31500000 -0.00325000
14.32500000 -0.00324220
14.33500000 -0.00394370
14.34500000 -0.00337610
14.35500000 -0.00150350
14.36500000 -0.00058250
14.37500000 -0.00139790
14.38500000 0.00008240
14.39500000 -0.00180550
14.40500000 -0.00363860
14.41500000 -0.00457820
14.42500000 -0.00090080
14.43500000 -0.00114380
14.44500000 -0.00113570
14.45500000 -0.00301960
14.46500000 -0.00094440
14.47500000 -0.00207830
14.48500000 -0.00213500
14.49500000 -0.00215100
14.50500000 -0.00192000
14.51500000 -0.00098410
14.52500000 -0.00061910
14.53500000 -0.00213410
14.54500000 -0.00300790
14.55500000 -0.00215590
14.56500000 -0.00175810
14.57500000 -0.00236500
14.58500000 -0.00192370
14.59500000 -0.00190070
14.60500000 -0.00233590
14.61500000 -0.00162510
14.62500000 -0.00006180
14.63500000 -0.00027450
14.64500000 -0.00119420
14.65500000 -0.00112650
14.66500000 -0.00100650
14.67500000 -0.00236790
14.68500000 -0.00262440
14.69500000 -0.00097870
14.70500000 -0.00076920
14.71500000 -0.00127860
14.72500000 -0.00109980
14.73500000 0.00040000
14.74500000 -0.00150710
14.75500000 -0.00336440
14.76500000 -0.00136660
14.77500000 -0.00008310
14.78500000 -0.00166430
14.79500000 -0.00119250
14.80500000 -0.00086990
14.81500000 0.00040610
14.82500000 -0.00085010
14.83500000 -0.00147020
14.84500000 -0.00194640
14.85500000 -0.00011310
14.86500000 0.00011830
14.87500000 -0.00154980
14.88500000 -0.00076200
14.89500000 -0.00076920
14.90500000 -0.00048480
14.91500000 0.00058260
14.92500000 -0.00016730
14.93500000 -0.00114480
14.94500000 -0.00124500
14.95500000 0.00095130
14.96500000 -0.00072480
14.97500000 -0.00068730
14.98500000 -0.00063830
14.99500000 -0.00017290
