#
#0.00000 0.00000
0.10000 0.00000
0.20000 0.00000
0.30000 0.00000
0.40000 0.00000
0.50000 0.00000
0.60000 0.00000
0.70000 0.00000
0.80000 0.00000
0.90000 0.00000
1.00000 0.00000
1.10000 0.00000
1.20000 0.00000
1.30000 0.00000
1.40000 0.00000
1.50000 0.00000
1.60000 0.00000
1.70000 0.00000
1.80000 0.00000
1.90000 0.00000
2.00000 0.00000
2.10000 0.00000
2.20000 0.00000
2.30000 0.00000
2.40000 0.00000
2.50000 0.00000
2.60000 0.00000
2.70000 0.00000
2.80000 0.00000
2.90000 0.00000
3.00000 0.00000
3.10000 0.00000
3.20000 0.00000
3.30000 0.00001
3.40000 0.00011
3.50000 0.00096
3.60000 0.00462
3.70000 0.01618
3.80000 0.04156
3.90000 0.08614
4.00000 0.15128
4.10000 0.23794
4.20000 0.34737
4.30000 0.47481
4.40000 0.62111
4.50000 0.78185
4.60000 0.93787
4.70000 1.09379
4.80000 1.23379
4.90000 1.35195
5.00000 1.44654
5.10000 1.51908
5.20000 1.56825
5.30000 1.60170
5.40000 1.61546
5.50000 1.61290
5.60000 1.60344
5.70000 1.57905
5.80000 1.54940
5.90000 1.51473
6.00000 1.46839
6.10000 1.42417
6.20000 1.38217
6.30000 1.33250
6.40000 1.28852
6.50000 1.24141
6.60000 1.19125
6.70000 1.14142
6.80000 1.09375
6.90000 1.04260
7.00000 0.99689
7.10000 0.95654
7.20000 0.91761
7.30000 0.88407
7.40000 0.85585
7.50000 0.83363
7.60000 0.81466
7.70000 0.80227
7.80000 0.79353
7.90000 0.78931
8.00000 0.78988
8.10000 0.79555
8.20000 0.80489
8.30000 0.81804
8.40000 0.83301
8.50000 0.85121
8.60000 0.87383
8.70000 0.89748
8.80000 0.92122
8.90000 0.94600
9.00000 0.96891
9.10000 0.99300
9.20000 1.01598
9.30000 1.03518
9.40000 1.05473
9.50000 1.06923
9.60000 1.08411
9.70000 1.09359
9.80000 1.10252
9.90000 1.10928
10.00000 1.11197
10.10000 1.11345
10.20000 1.11390
10.30000 1.11158
10.40000 1.10462
10.50000 1.10014
10.60000 1.09229
10.70000 1.08364
10.80000 1.07439
10.90000 1.06615
11.00000 1.05494
11.10000 1.04541
11.20000 1.03464
11.30000 1.02456
11.40000 1.01600
11.50000 1.00666
11.60000 0.99711
11.70000 0.99022
11.80000 0.98301
11.90000 0.97693
12.00000 0.97199
12.10000 0.96573
12.20000 0.96430
12.30000 0.96203
12.40000 0.96089
12.50000 0.96015
12.60000 0.96122
12.70000 0.96302
12.80000 0.96585
12.90000 0.96855
13.00000 0.97210
13.10000 0.97631
13.20000 0.98060
13.30000 0.98462
13.40000 0.98906
13.50000 0.99390
13.60000 0.99876
13.70000 1.00252
13.80000 1.00733
13.90000 1.01096
14.00000 1.01425
14.10000 1.01741
14.20000 1.01891
14.30000 1.02048
14.40000 1.02260
14.50000 1.02229
14.60000 1.02324
14.70000 1.02279
14.80000 1.02222
14.90000 1.02174
15.00000 1.01968
15.10000 1.01840
15.20000 1.01679
15.30000 1.01444
15.40000 1.01299
15.50000 1.01071
15.60000 1.00788
15.70000 1.00564
15.80000 1.00314
15.90000 1.00021
16.00000 0.99855
16.10000 0.99558
16.20000 0.99369
16.30000 0.99182
16.40000 0.99119
16.50000 0.99008
16.60000 0.98950
16.70000 0.98853
16.80000 0.98757
16.90000 0.98832
17.00000 0.98786
17.10000 0.98772
17.20000 0.98832
17.30000 0.98916
17.40000 0.98970
17.50000 0.99053
17.60000 0.99116
17.70000 0.99279
17.80000 0.99301
17.90000 0.99430
18.00000 0.99596
18.10000 0.99674
18.20000 0.99782
18.30000 0.99884
18.40000 0.99935
18.50000 1.00029
18.60000 1.00044
18.70000 1.00134
18.80000 1.00162
18.90000 1.00196
