#
#0.00000 0.00000
0.10000 0.00000
0.20000 0.00000
0.30000 0.00000
0.40000 0.00000
0.50000 0.00000
0.60000 0.00000
0.70000 0.00000
0.80000 0.00000
0.90000 0.00000
1.00000 0.00000
1.10000 0.00000
1.20000 0.00000
1.30000 0.00000
1.40000 0.00000
1.50000 0.00000
1.60000 0.00000
1.70000 0.00000
1.80000 0.00000
1.90000 0.00000
2.00000 0.00000
2.10000 0.00000
2.20000 0.00000
2.30000 0.00000
2.40000 0.00000
2.50000 0.00000
2.60000 0.00000
2.70000 0.00000
2.80000 0.00000
2.90000 0.00000
3.00000 0.00000
3.10000 0.00000
3.20000 0.00000
3.30000 0.00002
3.40000 0.00016
3.50000 0.00113
3.60000 0.00543
3.70000 0.01748
3.80000 0.04485
3.90000 0.09131
4.00000 0.15858
4.10000 0.24460
4.20000 0.35028
4.30000 0.46890
4.40000 0.60665
4.50000 0.75721
4.60000 0.91100
4.70000 1.05894
4.80000 1.19512
4.90000 1.31555
5.00000 1.41163
5.10000 1.48459
5.20000 1.54241
5.30000 1.57540
5.40000 1.59256
5.50000 1.59582
5.60000 1.58598
5.70000 1.56359
5.80000 1.53154
5.90000 1.49598
6.00000 1.45175
6.10000 1.40477
6.20000 1.35724
6.30000 1.30952
6.40000 1.25999
6.50000 1.21267
6.60000 1.16228
6.70000 1.10941
6.80000 1.06086
6.90000 1.00986
7.00000 0.96421
7.10000 0.92409
7.20000 0.88329
7.30000 0.85277
7.40000 0.82546
7.50000 0.80404
7.60000 0.78603
7.70000 0.77170
7.80000 0.76444
7.90000 0.76044
8.00000 0.76269
8.10000 0.76933
8.20000 0.77774
8.30000 0.79161
8.40000 0.80867
8.50000 0.82920
8.60000 0.85123
8.70000 0.87524
8.80000 0.89905
8.90000 0.92539
9.00000 0.94842
9.10000 0.97375
9.20000 0.99736
9.30000 1.01887
9.40000 1.03803
9.50000 1.05645
9.60000 1.07086
9.70000 1.08203
9.80000 1.09097
9.90000 1.09800
10.00000 1.10368
10.10000 1.10413
10.20000 1.10435
10.30000 1.10099
10.40000 1.09768
10.50000 1.09184
10.60000 1.08569
10.70000 1.07659
10.80000 1.06748
10.90000 1.05873
11.00000 1.05041
11.10000 1.03814
11.20000 1.02856
11.30000 1.01916
11.40000 1.00900
11.50000 0.99764
11.60000 0.99147
11.70000 0.98237
11.80000 0.97530
11.90000 0.96987
12.00000 0.96417
12.10000 0.95924
12.20000 0.95596
12.30000 0.95412
12.40000 0.95289
12.50000 0.95258
12.60000 0.95413
12.70000 0.95626
12.80000 0.95864
12.90000 0.96194
13.00000 0.96590
13.10000 0.97012
13.20000 0.97437
13.30000 0.97921
13.40000 0.98385
13.50000 0.98906
13.60000 0.99496
13.70000 0.99964
13.80000 1.00344
13.90000 1.00751
14.00000 1.01143
14.10000 1.01507
14.20000 1.01751
14.30000 1.01968
14.40000 1.02158
14.50000 1.02245
14.60000 1.02280
14.70000 1.02389
14.80000 1.02348
14.90000 1.02250
15.00000 1.02173
15.10000 1.01923
15.20000 1.01881
15.30000 1.01640
15.40000 1.01340
15.50000 1.01128
15.60000 1.00964
15.70000 1.00678
15.80000 1.00386
15.90000 1.00165
16.00000 0.99958
16.10000 0.99766
16.20000 0.99480
16.30000 0.99348
16.40000 0.99118
16.50000 0.99003
16.60000 0.98913
16.70000 0.98834
16.80000 0.98795
16.90000 0.98754
17.00000 0.98817
17.10000 0.98860
17.20000 0.98833
17.30000 0.98905
17.40000 0.98993
17.50000 0.99145
17.60000 0.99233
17.70000 0.99331
17.80000 0.99492
17.90000 0.99566
18.00000 0.99752
18.10000 0.99826
18.20000 0.99940
18.30000 1.00072
18.40000 1.00196
18.50000 1.00282
18.60000 1.00418
18.70000 1.00418
18.80000 1.00449
18.90000 1.00332
