#
#0.00000 0.00000
0.10000 0.00000
0.20000 0.00000
0.30000 0.00000
0.40000 0.00000
0.50000 0.00000
0.60000 0.00000
0.70000 0.00000
0.80000 0.00000
0.90000 0.00000
1.00000 0.00000
1.10000 0.00000
1.20000 0.00000
1.30000 0.00000
1.40000 0.00000
1.50000 0.00000
1.60000 0.00000
1.70000 0.00000
1.80000 0.00000
1.90000 0.00000
2.00000 0.00000
2.10000 0.00000
2.20000 0.00000
2.30000 0.00000
2.40000 0.00000
2.50000 0.00000
2.60000 0.00000
2.70000 0.00000
2.80000 0.00000
2.90000 0.00000
3.00000 0.00000
3.10000 0.00000
3.20000 0.00000
3.30000 0.00001
3.40000 0.00014
3.50000 0.00121
3.60000 0.00572
3.70000 0.01923
3.80000 0.04806
3.90000 0.09744
4.00000 0.16781
4.10000 0.25599
4.20000 0.36333
4.30000 0.48308
4.40000 0.61943
4.50000 0.76837
4.60000 0.92125
4.70000 1.06737
4.80000 1.20722
4.90000 1.32492
5.00000 1.42525
5.10000 1.50551
5.20000 1.56447
5.30000 1.60376
5.40000 1.62299
5.50000 1.62540
5.60000 1.61435
5.70000 1.59298
5.80000 1.55933
5.90000 1.51714
6.00000 1.47024
6.10000 1.42108
6.20000 1.36834
6.30000 1.31601
6.40000 1.26404
6.50000 1.21420
6.60000 1.15871
6.70000 1.10421
6.80000 1.05211
6.90000 0.99936
7.00000 0.95090
7.10000 0.90802
7.20000 0.86992
7.30000 0.83599
7.40000 0.80762
7.50000 0.78525
7.60000 0.76635
7.70000 0.75498
7.80000 0.74713
7.90000 0.74384
8.00000 0.74552
8.10000 0.75189
8.20000 0.76307
8.30000 0.77769
8.40000 0.79621
8.50000 0.81809
8.60000 0.84136
8.70000 0.86663
8.80000 0.89315
8.90000 0.91997
9.00000 0.94671
9.10000 0.97375
9.20000 0.99720
9.30000 1.02014
9.40000 1.03956
9.50000 1.05908
9.60000 1.07350
9.70000 1.08687
9.80000 1.09469
9.90000 1.10434
10.00000 1.10882
10.10000 1.10998
10.20000 1.10978
10.30000 1.10912
10.40000 1.10411
10.50000 1.09956
10.60000 1.09186
10.70000 1.08335
10.80000 1.07536
10.90000 1.06510
11.00000 1.05409
11.10000 1.04395
11.20000 1.03408
11.30000 1.02196
11.40000 1.01180
11.50000 1.00195
11.60000 0.99398
11.70000 0.98502
11.80000 0.97636
11.90000 0.96907
12.00000 0.96401
12.10000 0.95793
12.20000 0.95442
12.30000 0.95296
12.40000 0.95064
12.50000 0.95056
12.60000 0.95103
12.70000 0.95265
12.80000 0.95500
12.90000 0.95916
13.00000 0.96183
13.10000 0.96628
13.20000 0.97120
13.30000 0.97651
13.40000 0.98230
13.50000 0.98679
13.60000 0.99299
13.70000 0.99760
13.80000 1.00291
13.90000 1.00723
14.00000 1.01174
14.10000 1.01434
14.20000 1.01802
14.30000 1.02030
14.40000 1.02264
14.50000 1.02415
14.60000 1.02493
14.70000 1.02550
14.80000 1.02481
14.90000 1.02476
15.00000 1.02317
15.10000 1.02156
15.20000 1.02031
15.30000 1.01734
15.40000 1.01488
15.50000 1.01362
15.60000 1.01049
15.70000 1.00848
15.80000 1.00580
15.90000 1.00233
16.00000 1.00005
16.10000 0.99790
16.20000 0.99518
16.30000 0.99370
16.40000 0.99159
16.50000 0.99040
16.60000 0.98888
16.70000 0.98828
16.80000 0.98722
16.90000 0.98689
17.00000 0.98678
17.10000 0.98655
17.20000 0.98696
17.30000 0.98794
17.40000 0.98868
17.50000 0.98972
17.60000 0.99095
17.70000 0.99240
17.80000 0.99297
17.90000 0.99479
18.00000 0.99588
18.10000 0.99759
18.20000 0.99940
18.30000 1.00016
18.40000 1.00182
18.50000 1.00270
18.60000 1.00328
18.70000 1.00490
18.80000 1.00134
18.90000 0.99070
