#
#0.00000 0.00000
0.10000 0.00000
0.20000 0.00000
0.30000 0.00000
0.40000 0.00000
0.50000 0.00000
0.60000 0.00000
0.70000 0.00000
0.80000 0.00000
0.90000 0.00000
1.00000 0.00000
1.10000 0.00000
1.20000 0.00000
1.30000 0.00000
1.40000 0.00000
1.50000 0.00000
1.60000 0.00000
1.70000 0.00000
1.80000 0.00000
1.90000 0.00000
2.00000 0.00000
2.10000 0.00000
2.20000 0.00000
2.30000 0.00000
2.40000 0.00000
2.50000 0.00000
2.60000 0.00000
2.70000 0.00000
2.80000 0.00000
2.90000 0.00000
3.00000 0.00000
3.10000 0.00000
3.20000 0.00000
3.30000 0.00000
3.40000 0.00015
3.50000 0.00093
3.60000 0.00483
3.70000 0.01627
3.80000 0.04145
3.90000 0.08600
4.00000 0.15063
4.10000 0.23669
4.20000 0.34000
4.30000 0.46197
4.40000 0.60342
4.50000 0.75392
4.60000 0.90856
4.70000 1.05627
4.80000 1.19126
4.90000 1.30924
5.00000 1.40023
5.10000 1.47559
5.20000 1.52626
5.30000 1.55901
5.40000 1.57324
5.50000 1.57672
5.60000 1.56311
5.70000 1.54356
5.80000 1.51316
5.90000 1.47888
6.00000 1.43739
6.10000 1.39227
6.20000 1.34835
6.30000 1.30286
6.40000 1.25654
6.50000 1.21045
6.60000 1.16040
6.70000 1.11185
6.80000 1.06347
6.90000 1.01548
7.00000 0.96948
7.10000 0.92956
7.20000 0.89312
7.30000 0.86150
7.40000 0.83386
7.50000 0.81295
7.60000 0.79513
7.70000 0.78271
7.80000 0.77379
7.90000 0.77168
8.00000 0.77235
8.10000 0.77906
8.20000 0.78840
8.30000 0.80175
8.40000 0.81839
8.50000 0.83699
8.60000 0.85878
8.70000 0.88314
8.80000 0.90683
8.90000 0.92990
9.00000 0.95478
9.10000 0.97651
9.20000 0.99997
9.30000 1.02092
9.40000 1.03973
9.50000 1.05552
9.60000 1.06961
9.70000 1.08060
9.80000 1.08987
9.90000 1.09589
10.00000 1.09963
10.10000 1.10084
10.20000 1.10062
10.30000 1.09775
10.40000 1.09538
10.50000 1.08849
10.60000 1.08130
10.70000 1.07378
10.80000 1.06506
10.90000 1.05540
11.00000 1.04562
11.10000 1.03534
11.20000 1.02535
11.30000 1.01487
11.40000 1.00667
11.50000 0.99790
11.60000 0.98814
11.70000 0.98237
11.80000 0.97437
11.90000 0.96888
12.00000 0.96431
12.10000 0.95983
12.20000 0.95741
12.30000 0.95516
12.40000 0.95516
12.50000 0.95515
12.60000 0.95596
12.70000 0.95701
12.80000 0.95968
12.90000 0.96295
13.00000 0.96663
13.10000 0.97152
13.20000 0.97647
13.30000 0.98063
13.40000 0.98602
13.50000 0.99055
13.60000 0.99552
13.70000 0.99935
13.80000 1.00439
13.90000 1.00805
14.00000 1.01136
14.10000 1.01547
14.20000 1.01726
14.30000 1.01905
14.40000 1.02150
14.50000 1.02177
14.60000 1.02272
14.70000 1.02237
14.80000 1.02240
14.90000 1.02108
15.00000 1.01921
15.10000 1.01777
15.20000 1.01653
15.30000 1.01431
15.40000 1.01207
15.50000 1.00970
15.60000 1.00834
15.70000 1.00573
15.80000 1.00271
15.90000 1.00084
16.00000 0.99789
16.10000 0.99684
16.20000 0.99452
16.30000 0.99309
16.40000 0.99226
16.50000 0.99037
16.60000 0.98991
16.70000 0.98905
16.80000 0.98885
16.90000 0.98849
17.00000 0.98857
17.10000 0.98921
17.20000 0.98898
17.30000 0.98983
17.40000 0.99108
17.50000 0.99235
17.60000 0.99280
17.70000 0.99384
17.80000 0.99485
17.90000 0.99642
18.00000 0.99729
18.10000 0.99872
18.20000 1.00007
18.30000 1.00118
18.40000 1.00241
18.50000 1.00288
18.60000 1.00348
18.70000 1.00399
18.80000 1.00456
18.90000 1.00526
