#
#0.00000 0.00000
0.10000 0.00000
0.20000 0.00000
0.30000 0.00000
0.40000 0.00000
0.50000 0.00000
0.60000 0.00000
0.70000 0.00000
0.80000 0.00000
0.90000 0.00000
1.00000 0.00000
1.10000 0.00000
1.20000 0.00000
1.30000 0.00000
1.40000 0.00000
1.50000 0.00000
1.60000 0.00000
1.70000 0.00000
1.80000 0.00000
1.90000 0.00000
2.00000 0.00000
2.10000 0.00000
2.20000 0.00000
2.30000 0.00000
2.40000 0.00000
2.50000 0.00000
2.60000 0.00000
2.70000 0.00000
2.80000 0.00000
2.90000 0.00000
3.00000 0.00000
3.10000 0.00000
3.20000 0.00001
3.30000 0.00001
3.40000 0.00013
3.50000 0.00115
3.60000 0.00538
3.70000 0.01849
3.80000 0.04761
3.90000 0.09938
4.00000 0.17636
4.10000 0.27832
4.20000 0.40917
4.30000 0.56283
4.40000 0.74493
4.50000 0.93437
4.60000 1.12974
4.70000 1.31698
4.80000 1.47934
4.90000 1.62300
5.00000 1.73511
5.10000 1.81830
5.20000 1.87009
5.30000 1.90530
5.40000 1.91569
5.50000 1.91356
5.60000 1.89441
5.70000 1.86912
5.80000 1.82937
5.90000 1.77992
6.00000 1.73474
6.10000 1.68437
6.20000 1.62859
6.30000 1.57496
6.40000 1.52061
6.50000 1.46458
6.60000 1.40595
6.70000 1.34556
6.80000 1.28758
6.90000 1.23045
7.00000 1.17378
7.10000 1.12520
7.20000 1.07889
7.30000 1.03992
7.40000 1.00343
7.50000 0.97346
7.60000 0.95008
7.70000 0.93228
7.80000 0.92046
7.90000 0.91260
8.00000 0.91060
8.10000 0.91645
8.20000 0.92520
8.30000 0.93851
8.40000 0.95633
8.50000 0.97728
8.60000 0.99830
8.70000 1.02490
8.80000 1.04925
8.90000 1.07910
9.00000 1.10458
9.10000 1.13067
9.20000 1.15286
9.30000 1.17528
9.40000 1.19567
9.50000 1.21157
9.60000 1.22866
9.70000 1.23917
9.80000 1.24878
9.90000 1.25381
10.00000 1.25488
10.10000 1.25800
10.20000 1.25524
10.30000 1.25058
10.40000 1.24383
10.50000 1.23741
10.60000 1.22737
10.70000 1.21684
10.80000 1.20339
10.90000 1.19392
11.00000 1.17898
11.10000 1.16633
11.20000 1.15390
11.30000 1.14147
11.40000 1.12804
11.50000 1.11699
11.60000 1.10595
11.70000 1.09631
11.80000 1.08730
11.90000 1.07771
12.00000 1.07017
12.10000 1.06402
12.20000 1.05783
12.30000 1.05520
12.40000 1.05284
12.50000 1.05124
12.60000 1.05038
12.70000 1.05090
12.80000 1.05217
12.90000 1.05362
13.00000 1.05615
13.10000 1.05911
13.20000 1.06233
13.30000 1.06725
13.40000 1.06942
13.50000 1.07262
13.60000 1.07743
13.70000 1.07964
13.80000 1.08260
13.90000 1.08643
14.00000 1.08753
14.10000 1.09006
14.20000 1.09186
14.30000 1.09261
14.40000 1.09182
14.50000 1.09314
14.60000 1.09063
14.70000 1.09037
14.80000 1.08660
14.90000 1.08536
15.00000 1.08205
15.10000 1.08012
15.20000 1.07602
15.30000 1.07257
15.40000 1.06883
15.50000 1.06503
15.60000 1.06191
15.70000 1.05746
15.80000 1.05393
15.90000 1.04999
16.00000 1.04581
16.10000 1.04304
16.20000 1.03967
16.30000 1.03662
16.40000 1.03427
16.50000 1.03126
16.60000 1.02936
16.70000 1.02761
16.80000 1.02473
16.90000 1.02373
17.00000 1.02243
17.10000 1.02224
17.20000 1.02107
17.30000 1.02014
17.40000 1.01980
17.50000 1.01944
17.60000 1.01976
17.70000 1.01961
17.80000 1.01950
17.90000 1.01917
18.00000 1.01923
18.10000 1.01862
18.20000 1.01923
18.30000 1.01881
18.40000 1.01889
18.50000 1.01879
18.60000 1.01807
18.70000 1.01726
18.80000 1.01687
18.90000 1.01710
