#
#0.00000 0.00000
0.10000 0.00000
0.20000 0.00000
0.30000 0.00000
0.40000 0.00000
0.50000 0.00000
0.60000 0.00000
0.70000 0.00000
0.80000 0.00000
0.90000 0.00000
1.00000 0.00000
1.10000 0.00000
1.20000 0.00000
1.30000 0.00000
1.40000 0.00000
1.50000 0.00000
1.60000 0.00000
1.70000 0.00000
1.80000 0.00000
1.90000 0.00000
2.00000 0.00000
2.10000 0.00000
2.20000 0.00000
2.30000 0.00000
2.40000 0.00000
2.50000 0.00000
2.60000 0.00000
2.70000 0.00000
2.80000 0.00000
2.90000 0.00000
3.00000 0.00000
3.10000 0.00000
3.20000 0.00001
3.30000 0.00002
3.40000 0.00019
3.50000 0.00128
3.60000 0.00658
3.70000 0.02190
3.80000 0.05621
3.90000 0.11735
4.00000 0.20909
4.10000 0.33281
4.20000 0.48497
4.30000 0.67365
4.40000 0.88345
4.50000 1.11147
4.60000 1.34117
4.70000 1.56027
4.80000 1.75661
4.90000 1.92299
5.00000 2.05731
5.10000 2.15413
5.20000 2.22308
5.30000 2.26007
5.40000 2.27491
5.50000 2.27016
5.60000 2.24692
5.70000 2.21104
5.80000 2.16598
5.90000 2.11400
6.00000 2.05999
6.10000 1.99349
6.20000 1.92894
6.30000 1.86583
6.40000 1.80038
6.50000 1.73497
6.60000 1.66015
6.70000 1.59400
6.80000 1.52205
6.90000 1.45239
7.00000 1.38634
7.10000 1.32623
7.20000 1.27160
7.30000 1.21885
7.40000 1.17783
7.50000 1.14226
7.60000 1.11376
7.70000 1.09022
7.80000 1.07725
7.90000 1.06729
8.00000 1.06590
8.10000 1.06800
8.20000 1.07726
8.30000 1.09187
8.40000 1.11113
8.50000 1.13453
8.60000 1.15975
8.70000 1.19051
8.80000 1.21859
8.90000 1.25005
9.00000 1.28086
9.10000 1.30948
9.20000 1.33868
9.30000 1.36263
9.40000 1.38599
9.50000 1.40643
9.60000 1.42292
9.70000 1.43529
9.80000 1.44421
9.90000 1.45413
10.00000 1.45252
10.10000 1.45503
10.20000 1.45129
10.30000 1.44428
10.40000 1.43863
10.50000 1.42685
10.60000 1.41585
10.70000 1.40201
10.80000 1.38847
10.90000 1.37416
11.00000 1.35771
11.10000 1.34166
11.20000 1.32739
11.30000 1.31284
11.40000 1.29503
11.50000 1.28124
11.60000 1.26705
11.70000 1.25314
11.80000 1.24179
11.90000 1.23051
12.00000 1.22054
12.10000 1.21198
12.20000 1.20546
12.30000 1.20123
12.40000 1.19484
12.50000 1.19259
12.60000 1.19003
12.70000 1.19007
12.80000 1.19052
12.90000 1.19164
13.00000 1.19254
13.10000 1.19627
13.20000 1.19903
13.30000 1.20118
13.40000 1.20589
13.50000 1.20726
13.60000 1.21164
13.70000 1.21436
13.80000 1.21707
13.90000 1.21957
14.00000 1.21919
14.10000 1.22134
14.20000 1.22223
14.30000 1.22292
14.40000 1.22063
14.50000 1.21843
14.60000 1.21724
14.70000 1.21445
14.80000 1.21151
14.90000 1.20800
15.00000 1.20236
15.10000 1.19883
15.20000 1.19552
15.30000 1.18948
15.40000 1.18466
15.50000 1.17802
15.60000 1.17381
15.70000 1.16827
15.80000 1.16188
15.90000 1.15762
16.00000 1.15086
16.10000 1.14630
16.20000 1.14162
16.30000 1.13612
16.40000 1.13254
16.50000 1.12776
16.60000 1.12373
16.70000 1.12094
16.80000 1.11828
16.90000 1.11528
17.00000 1.11340
17.10000 1.10967
17.20000 1.10800
17.30000 1.10619
17.40000 1.10454
17.50000 1.10320
17.60000 1.10236
17.70000 1.09938
17.80000 1.09904
17.90000 1.09825
18.00000 1.09670
18.10000 1.09531
18.20000 1.09431
18.30000 1.09284
18.40000 1.09118
18.50000 1.09039
18.60000 1.08882
18.70000 1.08666
18.80000 1.08519
18.90000 1.08362
