#
#0.00000 0.00000
0.10000 0.00000
0.20000 0.00000
0.30000 0.00000
0.40000 0.00000
0.50000 0.00000
0.60000 0.00000
0.70000 0.00000
0.80000 0.00000
0.90000 0.00000
1.00000 0.00000
1.10000 0.00000
1.20000 0.00000
1.30000 0.00000
1.40000 0.00000
1.50000 0.00000
1.60000 0.00000
1.70000 0.00000
1.80000 0.00000
1.90000 0.00000
2.00000 0.00000
2.10000 0.00000
2.20000 0.00000
2.30000 0.00000
2.40000 0.00000
2.50000 0.00000
2.60000 0.00000
2.70000 0.00000
2.80000 0.00000
2.90000 0.00000
3.00000 0.00000
3.10000 0.00000
3.20000 0.00000
3.30000 0.00003
3.40000 0.00025
3.50000 0.00168
3.60000 0.00842
3.70000 0.02837
3.80000 0.07617
3.90000 0.16055
4.00000 0.28694
4.10000 0.46072
4.20000 0.68254
4.30000 0.94814
4.40000 1.25759
4.50000 1.58275
4.60000 1.92924
4.70000 2.24448
4.80000 2.52984
4.90000 2.75966
5.00000 2.94335
5.10000 3.08059
5.20000 3.17017
5.30000 3.22052
5.40000 3.22884
5.50000 3.21510
5.60000 3.18257
5.70000 3.12685
5.80000 3.06559
5.90000 2.99202
6.00000 2.90926
6.10000 2.82140
6.20000 2.73122
6.30000 2.64254
6.40000 2.55165
6.50000 2.45844
6.60000 2.36083
6.70000 2.25862
6.80000 2.15930
6.90000 2.06538
7.00000 1.96657
7.10000 1.88191
7.20000 1.79800
7.30000 1.72960
7.40000 1.66733
7.50000 1.61187
7.60000 1.56771
7.70000 1.53572
7.80000 1.50969
7.90000 1.49675
8.00000 1.49040
8.10000 1.49224
8.20000 1.50087
8.30000 1.52130
8.40000 1.54358
8.50000 1.57198
8.60000 1.60889
8.70000 1.64403
8.80000 1.68427
8.90000 1.72512
9.00000 1.76432
9.10000 1.80453
9.20000 1.83969
9.30000 1.87395
9.40000 1.90525
9.50000 1.92814
9.60000 1.95061
9.70000 1.96831
9.80000 1.97851
9.90000 1.98333
10.00000 1.98477
10.10000 1.98375
10.20000 1.97829
10.30000 1.96834
10.40000 1.95467
10.50000 1.93857
10.60000 1.92511
10.70000 1.90521
10.80000 1.88467
10.90000 1.86266
11.00000 1.83622
11.10000 1.81474
11.20000 1.79144
11.30000 1.76656
11.40000 1.74489
11.50000 1.72324
11.60000 1.70265
11.70000 1.68446
11.80000 1.66281
11.90000 1.64862
12.00000 1.63303
12.10000 1.61994
12.20000 1.60824
12.30000 1.59879
12.40000 1.59153
12.50000 1.58176
12.60000 1.57894
12.70000 1.57766
12.80000 1.57364
12.90000 1.57386
13.00000 1.57375
13.10000 1.57401
13.20000 1.57626
13.30000 1.57972
13.40000 1.58089
13.50000 1.58346
13.60000 1.58622
13.70000 1.58729
13.80000 1.58901
13.90000 1.58854
14.00000 1.58906
14.10000 1.58835
14.20000 1.58773
14.30000 1.58360
14.40000 1.58278
14.50000 1.57826
14.60000 1.57282
14.70000 1.56719
14.80000 1.56048
14.90000 1.55517
15.00000 1.54611
15.10000 1.54042
15.20000 1.53296
15.30000 1.52222
15.40000 1.51362
15.50000 1.50581
15.60000 1.49595
15.70000 1.48734
15.80000 1.47785
15.90000 1.46893
16.00000 1.46068
16.10000 1.45215
16.20000 1.44463
16.30000 1.43440
16.40000 1.42893
16.50000 1.42147
16.60000 1.41415
16.70000 1.40660
16.80000 1.40219
16.90000 1.39478
17.00000 1.39011
17.10000 1.38592
17.20000 1.38140
17.30000 1.37627
17.40000 1.37376
17.50000 1.36936
17.60000 1.36497
17.70000 1.36247
17.80000 1.35703
17.90000 1.35291
18.00000 1.35051
18.10000 1.34502
18.20000 1.34265
18.30000 1.33953
18.40000 1.33653
18.50000 1.33192
18.60000 1.32815
18.70000 1.32377
18.80000 1.31920
18.90000 1.31399
